z(ft) res(ohmm) z(m)
507.58421354639 5.2871567209698 154.70411872795
508.90235080248 10.296078294094 155.10586735827
509.42960570491 20.050293989126 155.2665668104
510.48411550978 20.050293989126 155.58796571465
511.27499786343 10.296078294094 155.82901489285
511.80225276586 5.0235292697527 155.98971434497
513.12039002195 3.1781371112331 156.3914629753
518.39293904629 3.4417645624502 157.99845749658
529.99254689984 3.4417645624502 161.53384544341
539.74676259487 4.7599018185356 164.50678530779
549.23735083869 6.078039074621 167.39937544611
560.30970378981 5.5507841721868 170.77406394081
569.00940967997 6.8689214282722 173.42560490094
575.6000959604 7.6598037819234 175.43434805254
582.98166459447 4.7599018185356 177.68414038234
594.05401754559 5.0235292697527 181.05882887705
605.65362539914 5.0235292697527 184.59421682388
613.56244893566 7.9234312331405 187.00470860581
622.26215482582 6.8689214282722 189.65624956593
631.48911561842 7.9234312331405 192.46848997818
636.76166464276 4.4962743673185 194.07548449947
645.46137053292 4.7599018185356 196.72702545959
648.62489994753 8.4506861355747 197.69122217237
651.2611744597 5.2871567209698 198.49471943301
654.4247038743 3.4417645624502 199.45891614578
658.64274309378 3.9690194648844 200.74451176281
662.86078231325 5.8144116234039 202.03010737984
667.60607643516 3.1781371112331 203.476402449
674.72401761802 4.7599018185356 205.64584505273
680.26019409358 5.8144116234039 207.33318930009
683.42372350818 5.2871567209698 208.29738601286
687.37813527644 2.9145096600161 209.50263190382
691.85980194713 4.7599018185356 210.86857724692
696.34146861782 3.9690194648844 212.23452259001
702.14127254459 3.1781371112331 214.00221656342
710.31372353232 3.4417645624502 216.49305807142
718.74980197127 5.8144116234039 219.06424930548
723.75872354439 6.8689214282722 220.5908941007
730.61303727604 5.2871567209698 222.67998697837
739.57637061742 3.7053920136673 225.41187766456
747.22156670271 5.2871567209698 227.74201972042
758.29391965383 4.7599018185356 231.11670821513
769.10264515373 3.1781371112331 234.41104698376
778.59323339755 4.2326469161014 237.30363712208
789.40195889745 5.2871567209698 240.59797589072
798.62891969005 5.0235292697527 243.41021630297
811.01940989725 3.4417645624502 247.18665342799
824.2007824581 3.4417645624502 251.20413973121
842.39107659208 4.4962743673185 256.74827082965
852.40891973833 6.078039074621 259.80156042009
863.74490014066 3.7053920136673 263.25659864086
877.71715505517 4.2326469161014 267.51513412227
886.41686094533 3.1781371112331 270.16667508239
902.49813546957 3.9690194648844 275.06800837232
914.88862567678 4.2326469161014 278.84444549734
922.27019431086 4.7599018185356 281.09423782714
925.17009627424 2.9145096600161 281.97808481385
933.34254726197 3.9690194648844 284.46892632184
939.14235118875 3.7053920136673 286.23662029526
943.88764531066 3.7053920136673 287.68291536442
951.53284139595 3.1781371112331 290.01305742028
958.12352767638 3.4417645624502 292.02180057189
966.03235121289 2.9145096600161 294.43229235382
972.88666494453 3.7053920136673 296.52138523149
978.95009632253 6.3416665258381 298.36942893098
985.27715515174 4.4962743673185 300.29782235652
991.86784143216 5.0235292697527 302.30656550813
999.51303751746 6.3416665258381 304.63670756399
1005.8400963467 4.2326469161014 306.56510098955
1015.5943120417 3.9690194648844 309.53804085392
1023.239508127 3.1781371112331 311.86818290978
1035.1027434318 4.2326469161014 315.48392058269
1047.2296061878 3.9690194648844 319.18000798165
1056.9838218828 4.2326469161014 322.15294784602
1067.001665029 4.2326469161014 325.20623743645
1076.7558807241 2.9145096600161 328.17917730085
1088.3554885776 3.7053920136673 331.71456524767
1093.628037602 3.4417645624502 333.32155976897
1097.318821919 5.5507841721868 334.44645593386
1100.4823513336 3.9690194648844 335.41065264663
1105.2276454555 5.2871567209698 336.85694771579
1120.5180376261 5.8144116234039 341.51723182752
1124.4724493944 2.3872547575819 342.7224777185
1132.3812729309 3.7053920136673 345.13296950043
1145.2990180405 3.1781371112331 349.07010607757
1155.580488638 3.9690194648844 352.20374539409
1163.4893121745 3.1781371112331 354.61423717601
1172.1890180646 5.2871567209698 357.26577813612
1180.0978416012 2.3872547575819 359.67626991807
1191.6974494547 2.9145096600161 363.21165786489
1204.8788220156 3.9690194648844 367.22914416812
1217.2693122228 3.7053920136673 371.00558129314
1229.1325475275 3.4417645624502 374.62131896602
1239.9412730274 2.9145096600161 377.91565773465
1251.2772534298 3.4417645624502 381.37069595544
1261.295096576 6.6052939770551 384.42398554587
1265.5131357955 6.6052939770551 385.70958116291
1271.3129397223 3.7053920136673 387.47727513633
1279.7490181612 2.9145096600161 390.04846637037
1290.2941162099 3.4417645624502 393.26245541295
1298.9938221001 1.8599998551477 395.91399637309
1306.9026456366 4.4962743673185 398.32448815501
1314.0205868194 2.3872547575819 400.49393075873
1321.1385280023 5.8144116234039 402.66337336248
1335.374410368 5.2871567209698 407.00225856995
1341.7014691972 5.8144116234039 408.93065199549
1346.9740182216 3.7053920136673 410.53764651679
1354.3555868556 3.7053920136673 412.78743884657
1363.8461750995 3.9690194648844 415.68002898491
1375.7094104042 4.2326469161014 419.29576665779
1382.0364692334 2.1236273063648 421.22416008333
1392.5815672821 5.0235292697527 424.43814912591
1403.1266653308 5.8144116234039 427.65213816849
1412.0899986722 5.5507841721868 430.38402885468
1420.7897045624 3.4417645624502 433.03556981481
1425.7986261355 2.9145096600161 434.56221461003
1428.9621555501 4.7599018185356 435.5264113228
1436.3437241842 2.3872547575819 437.77620365261
1444.2525477207 3.4417645624502 440.18669543453
1452.6886261596 4.2326469161014 442.75788666858
1459.27931244 5.2871567209698 444.76662982018
1462.7064693059 7.6598037819234 445.81117625904
1468.7699006839 4.7599018185356 447.65921995852
1473.2515673545 3.7053920136673 449.02516530158
1481.6876457935 3.1781371112331 451.59635653566
1489.3328418788 2.9145096600161 453.92649859153
1494.6053909031 6.6052939770551 455.5334931128
1499.6143124763 4.2326469161014 457.06013790805
1505.9413713055 3.4417645624502 458.98853133359
1514.9047046468 2.9145096600161 461.72042201975
1522.0226458297 2.650882208799 463.8898646235
1529.1405870126 8.1870586843577 466.05930722725
1547.3308811465 7.3961763307064 471.60343832566
1551.548920366 6.8689214282722 472.8890339427
1554.9760772318 10.296078294094 473.93358038153
1562.3576458659 4.4962743673185 476.18337271134
1575.2753909756 3.9690194648844 480.12050928851
1580.5479399999 6.3416665258381 481.72750380978
1583.1842145121 3.4417645624502 482.53100107044
1597.1564694266 2.9145096600161 486.78953655184
1606.9106851216 5.5507841721868 489.76247641621
1620.6193125849 5.0235292697527 493.94066217156
1634.5915674994 6.8689214282722 498.19919765297
1640.3913714262 10.032450842877 499.96689162639
1643.2912733896 13.986862611133 500.85073861311
1645.6639204505 8.7143135867918 501.57388614767
1650.1455871212 7.1325488794893 502.93983149076
1653.8363714382 3.4417645624502 504.06472765565
1668.072253804 3.4417645624502 508.40361286315
1676.5083322429 5.0235292697527 510.9748040972
1680.19911656 4.2326469161014 512.09970026212
1684.1535283282 2.9145096600161 513.30494615306
1694.6986263769 6.6052939770551 516.51893519564
1699.1802930476 8.1870586843577 517.88488053874
1705.2437244256 5.2871567209698 519.73292423822
1715.2615675718 2.1236273063648 522.78621382865
1725.0157832669 4.4962743673185 525.75915369305
1733.1882342546 2.9145096600161 528.24999520104
1745.3150970106 2.3872547575819 531.9460826
1747.9513715227 6.3416665258381 532.74957986062
1753.4875479983 3.4417645624502 534.43692410799
1760.8691166324 4.2326469161014 536.68671643779
1765.8780382055 2.650882208799 538.21336123301
1771.9414695835 6.6052939770551 540.06140493249
1779.85029312 3.7053920136673 542.47189671442
1790.9226460711 2.3872547575819 545.84658520911
1798.040587254 3.4417645624502 548.01602781286
1809.6401951075 2.3872547575819 551.55141575968
1819.6580382538 2.1236273063648 554.60470535014
1829.6758814 3.7053920136673 557.65799494057
1840.4846068999 5.2871567209698 560.9523337092
1850.5024500462 4.2326469161014 564.00562329966
1859.99303829 2.9145096600161 566.89821343798
1867.3746069241 3.7053920136673 569.14800576778
1874.5334738318 2.1352482393533 571.32992192374
1883.6274685987 4.3582247379318 574.10163626903
1893.7319072286 3.7519584201377 577.18131887492
1901.6133693599 3.3477808749416 579.5834713075
1913.3345181706 3.5498696475396 583.15590313033
1925.2577557539 4.1561359653338 586.78992860527
1935.5642831564 3.5498696475396 589.93120486327
1944.6582779233 3.7519584201377 592.70291920856
1949.3063196931 2.5394257845494 594.11957320728
1959.410758323 3.9540471927357 597.19925581317
1963.2504450023 5.7728461461182 598.36953520338
1981.6405233088 6.7832900091085 603.97455754611
1987.5010977141 5.5707573735201 605.76077345751
1996.595092481 5.7728461461182 608.5324878028
2000.636867933 1.3268931489611 609.76436084517
2011.5496616533 2.5394257845494 613.09041805952
2025.6958757351 2.1352482393533 617.40197370774
2028.9292960967 3.9540471927357 618.38747214163
2036.2044919102 2.9436033297455 620.60484361786
2040.0441785896 1.9331594667552 621.77512300811
2045.2984866772 2.5394257845494 623.37655796318
2054.3924814441 2.1352482393533 626.14827230847
2062.0718548028 2.5394257845494 628.48883108894
2071.1658495697 2.9436033297455 631.26054543423
2075.2076250217 2.1352482393533 632.49241847659
2078.6431341558 3.9540471927357 633.53951056257
2085.109974879 2.5394257845494 635.51050743036
2094.8102359637 2.7415145571474 638.467002732
2103.9042307306 1.9331594667552 641.23871707729
2115.2212019961 2.1352482393533 644.68796159589
2125.325640626 2.5394257845494 647.76764420177
2134.8238129381 2.9436033297455 650.6625458513
2144.928251568 3.3477808749416 653.74222845718
2154.4264238801 2.5394257845494 656.63713010671
2164.53086251 1.7310706941572 659.71681271259
2175.2415674577 2.9436033297455 662.98127627482
2183.7292959068 2.5394257845494 665.56820966376
2195.8546222627 2.7415145571474 669.26382879083
2205.9590608926 4.3582247379318 672.34351139671
2216.0634995225 2.3373370119513 675.42319400259
2225.5616718346 2.1352482393533 678.31809565212
2235.4640216919 2.3373370119513 681.33618460588
2243.3454838232 4.762402283128 683.73833703846
2249.4081470012 2.1352482393533 685.58614660201
2262.5439172201 3.1456921023435 689.58973398967
2272.8504446226 2.7415145571474 692.73101024767
2282.9548832525 2.1352482393533 695.81069285355
2295.4843871535 2.5394257845494 699.62949928482
2305.1846482382 3.3477808749416 702.58599458647
2315.2890868682 2.5394257845494 705.66567719238
2325.1914367255 2.9436033297455 708.68376614614
2333.0728988568 3.1456921023435 711.08591857873
2343.9856925771 2.3373370119513 714.41197579308
2354.090131207 2.9436033297455 717.49165839896
2363.3862147465 3.3477808749416 720.32496639637
2375.1073635572 3.1456921023435 723.8973982192
2385.4138909597 2.7415145571474 727.0386744772
2394.305796954 2.9373370119513 729.74879517037
2405.2185906743 3.3477808749416 733.07485238473
2414.918851759 3.3477808749416 736.03134768638
2424.6191128437 3.3477808749416 738.98784298802
2434.1172851558 2.7415145571474 741.88274463755
2444.4238125583 3.1456921023435 745.02402089555
2454.5282511882 2.3373370119513 748.10370350143
2464.4306010455 2.5394257845494 751.1217924552
2473.9287733576 2.7415145571474 754.01669410472
2479.789347763 5.3686686009221 755.80291001615
2484.0332119875 3.5498696475396 757.09637671061
2493.9355618448 2.9436033297455 760.11446566437
2504.0400004747 2.9436033297455 763.19414827025
2513.7402615594 2.3373370119513 766.1506435719
2523.8447001893 2.9436033297455 769.23032617778
2534.3533163644 3.3477808749416 772.4331960879
2543.649399904 3.5498696475396 775.26650408534
2555.168459942 4.3582247379318 778.77734225602
2557.7956139858 4.964491055726 779.57805973356
2563.6561883912 2.5394257845494 781.36427564499
2569.9209403417 3.5498696475396 783.27367886062
2574.7710708841 2.9436033297455 784.75192651146
2584.6734207414 2.3373370119513 787.77001546522
2594.7778593713 2.5394257845494 790.84969807111
2604.6802092286 3.3477808749416 793.86778702487
2615.1888254037 3.1456921023435 797.07065693499
2625.2932640336 2.9436033297455 800.15033954087
2634.9935251183 2.9436033297455 803.10683484252
2642.672898477 4.1561359653338 805.44739362298
2654.5961360603 3.1456921023435 809.08141909793
2665.306841008 3.1456921023435 812.34588266016
2675.0071020927 2.9436033297455 815.30237796181
2685.3136294952 2.7415145571474 818.44365421981
2694.4076242621 2.9436033297455 821.2153685651
2704.3099741194 2.9436033297455 824.23345751887
2714.2123239767 3.1456921023435 827.25154647263
2725.125117697 2.5394257845494 830.57760368699
2735.0274675543 2.1352482393533 833.59569264075
2741.69639705 3.7519584201377 835.62828316062
2746.9507051376 2.5394257845494 837.2297181157
2755.2363448141 3.1456921023435 839.75505785251
2760.4906529017 2.3373370119513 841.35649280759
2766.1491385344 4.3582247379318 843.08111506687
2770.5950915316 2.9436033297455 844.43617541347
2774.8389557561 4.1561359653338 845.72964210792
2779.2849087533 3.3477808749416 847.08470245453
2784.7413056134 3.9540471927357 848.74773106169
2795.4520105611 2.5394257845494 852.01219462393
2805.9606267362 2.3373370119513 855.21506453404
2816.2671541387 2.7415145571474 858.35634079204
2826.5736815412 3.3477808749416 861.49761705005
2836.2739426259 2.9436033297455 864.45411235169
2845.9742037106 3.1456921023435 867.41060765334
2856.6849086583 2.9436033297455 870.67507121557
2865.5768146526 3.3477808749416 873.38519190875
2875.6812532825 2.9436033297455 876.46487451463
2885.7856919125 2.9436033297455 879.54455712054
2895.4859529972 3.3477808749416 882.50105242219
2905.7924803997 3.1456921023435 885.64232868019
2915.694830257 2.9436033297455 888.66041763395
2925.7992688869 3.1456921023435 891.74010023984
2931.4577545196 3.9540471927357 893.46472249912
2936.307885062 2.9436033297455 894.94297014995
2945.1997910563 3.1456921023435 897.65309084313
2954.0916970506 2.9436033297455 900.3632115363
2964.8024019983 2.7415145571474 903.62767509854
2974.9068406282 2.9436033297455 906.70735770442
2984.4050129403 2.3373370119513 909.60225935395
2995.5198954332 2.5394257845494 912.98991022042
3005.6243340631 2.3373370119513 916.0695928263
3017.3454828738 2.1352482393533 919.64202464913
3027.6520102763 2.1352482393533 922.78330090713
3037.5543601336 2.1352482393533 925.8013898609
3047.6587987635 2.1352482393533 928.88107246678
3057.3590598482 2.7415145571474 931.83756776842
3066.6551433877 2.7415145571474 934.67087576583
3076.1533156998 2.9436033297455 937.56577741536
3085.8535767845 4.5603135105299 940.52227271701
3095.149660324 4.762402283128 943.35558071442
3105.6582764991 3.3477808749416 946.55845062454
3116.1668926742 3.1456921023435 949.76132053465
3126.0692425315 2.3373370119513 952.77940948842
3136.1736811614 1.7310706941572 955.8590920943
3146.4802085639 1.3268931489611 959.0003683523
3156.988824739 1.9331594667552 962.20323826242
3166.2849082785 2.3373370119513 965.03654625983
3176.3893469084 4.762402283128 968.11622886571
3186.2916967658 4.3582247379318 971.13431781951
3196.5982241683 4.1561359653338 974.27559407751
3205.6922189352 2.3373370119513 977.0473084228
3213.7757698391 6.1770236913143 979.5110545075
3218.827989154 3.3477808749416 981.05089581042
3227.1136288306 3.7519584201377 983.57623554727
3238.0264225509 3.1456921023435 986.90229276163
3247.1204173178 3.5498696475396 989.67400710692
3256.4165008573 3.7519584201377 992.50731510433
3266.116761942 3.5498696475396 995.46381040597
3268.7439159858 9.006266507687 996.26452788351
3271.9773363473 1.9331594667552 997.25002631737
3278.0399995253 1.7310706941572 999.09783588092
3284.5068402484 1.9331594667552 1001.0688327487
3293.8029237879 2.3373370119513 1003.9021407461
3306.1303389164 2.7415145571474 1007.6593535253
3316.0326887737 2.3373370119513 1010.677442479
3325.935038631 2.1352482393533 1013.6955314328
3336.0394772609 2.7415145571474 1016.7752140387
3345.7397383456 2.1352482393533 1019.7317093403
3356.2483545207 1.9331594667552 1022.9345792504
3366.7569706958 2.5394257845494 1026.1374491606
3375.8509654627 3.7519584201377 1028.9091635059
3385.9554040926 2.9436033297455 1031.9888461117
3396.2619314951 2.1352482393533 1035.1301223697
3406.9726364428 1.9331594667552 1038.394585932
3417.2791638453 2.5394257845494 1041.53586219
3427.1815137026 2.5394257845494 1044.5539511437
3437.0838635599 2.9436033297455 1047.5720400975
3446.9862134172 1.9331594667552 1050.5901290513
3457.8990071375 2.7415145571474 1053.9161862656
3467.195090677 3.5498696475396 1056.749494263
3476.6932629892 3.3477808749416 1059.6443959126
3485.7872577561 3.3477808749416 1062.4161102579
3496.2958739312 3.5498696475396 1065.618980168
3505.3898686981 2.1352482393533 1068.3906945133
3515.6963961006 2.3373370119513 1071.5319707713
3524.9924796401 3.9540471927357 1074.3652787687
3536.5115396782 2.1352482393533 1077.8761169394
3546.6159783081 2.9436033297455 1080.9557995453
3556.9225057106 2.1352482393533 1084.0970758033
3566.4206780227 2.7415145571474 1086.9919774528
3575.9188503348 2.7415145571474 1089.8868791023
3586.8316440551 2.3373370119513 1093.2129363167
3596.5319051398 2.7415145571474 1096.1694316183
3607.2426100875 2.9436033297455 1099.4338951806
3617.3470487174 1.124804376363 1102.5135777865
3627.4514873473 2.5394257845494 1105.5932603923
3637.7580147498 3.5498696475396 1108.7345366504
3648.0645421523 2.5394257845494 1111.8758129084
3657.1585369192 2.5394257845494 1114.6475272536
3667.6671530943 3.1456921023435 1117.8503971638
3676.1548815434 2.7415145571474 1120.4373305527
3686.0572314007 3.1456921023435 1123.4554195065
3695.959581258 1.9331594667552 1126.4735084602
3706.6702862057 2.1352482393533 1129.7379720225
3716.3705472904 1.9331594667552 1132.6944673241
3726.2728971477 1.7310706941572 1135.7125562779
3736.5794245502 1.7310706941572 1138.8538325359
3745.6734193172 1.9331594667552 1141.6255468812
3755.9799467197 1.9331594667552 1144.7668231392
3765.6802078044 1.7310706941572 1147.7233184408
3775.5825576617 1.5185380585688 1150.7414073946
3786.2932626094 1.5289819215591 1154.0058709568
3796.3977012393 1.9331594667552 1157.0855535627
3806.7042286418 2.3373370119513 1160.2268298207
3810.9480928663 4.5603135105299 1161.5202965152
3818.2232886799 2.9436033297455 1163.7376679914
3827.5193722194 2.9436033297455 1166.5709759888
3836.8154557589 2.7415145571474 1169.4042839863
3846.9198943888 3.3477808749416 1172.4839665921
3857.8326881091 1.5289819215591 1175.8100238065
3867.5329491938 3.5498696475396 1178.7665191081
3877.6373878237 2.9436033297455 1181.846201714
3888.1460039988 2.5394257845494 1185.0490716241
3897.4420875383 3.1456921023435 1187.8823796215
3907.3444373956 2.5394257845494 1190.9004685753
3917.4488760255 2.5394257845494 1193.9801511812
3927.755403428 2.5394257845494 1197.1214274392
3938.2640196031 2.3373370119513 1200.3242973493
3947.35801437 2.5394257845494 1203.0960116946
3957.8666305451 3.5498696475396 1206.2988816047
3967.5668916298 2.9436033297455 1209.2553769064
3977.8734190323 2.9436033297455 1212.3966531644
3987.7757688896 2.9436033297455 1215.4147421181
3996.6676748839 2.9436033297455 1218.1248628113
4007.3783798316 2.7415145571474 1221.3893263735
4017.6849072341 2.3373370119513 1224.5306026315
4028.5977009544 2.9436033297455 1227.8566598459
4038.2979620391 2.9436033297455 1230.8131551475
4047.5940455786 2.7415145571474 1233.646463145
4057.9005729811 2.9436033297455 1236.787739403
4062.5486147509 5.7728461461182 1238.2043934017
4064.9736800221 4.3582247379318 1238.9435172271
4068.005011611 4.3582247379318 1239.8674220088
4070.2279881096 2.9436033297455 1240.5449521821
4074.067674789 2.1352482393533 1241.7152315724
4083.1616695559 2.5394257845494 1244.4869459177
4097.712061183 3.1456921023435 1248.9216888702
4107.6144110403 2.9436033297455 1251.9397778239
4117.7188496702 2.9436033297455 1255.0194604298
4127.2170219823 1.7310706941572 1257.9143620793
4136.5131055218 2.3373370119513 1260.7476700767
4147.8300767873 2.1352482393533 1264.1969145953
4158.3386929624 2.5394257845494 1267.3997845055
4168.4431315923 2.1352482393533 1270.4794671113
4177.9413039044 2.7415145571474 1273.3743687609
4187.8436537617 3.3477808749416 1276.3924577146
4193.704228167 4.964491055726 1278.178673626
4196.3313822108 8.804177735089 1278.9793911036
4198.3522699368 3.5498696475396 1279.5953276247
4207.4462647037 2.1352482393533 1282.36704197
4212.4984840187 4.762402283128 1283.906883273
4218.359058424 2.5394257845494 1285.6930991844
4221.9966563308 6.3791124639123 1286.8017849225
4226.0384317827 5.5707573735201 1288.0336579649
4229.8781184621 7.9958226446967 1289.2039373551
4234.7282490044 4.5603135105299 1290.6821850059
4239.5783795468 3.5498696475396 1292.1604326568
4245.8431314973 3.5498696475396 1294.0698358724
4252.7141497657 3.9540471927357 1296.1640200444
4259.3830792614 3.7519584201377 1298.1966105643
4269.6896066639 2.1352482393533 1301.3378868223
4274.3376484337 3.9540471927357 1302.754540821
4278.5815126582 2.7415145571474 1304.0480075155
4287.4734186525 1.7310706941572 1306.7581282086
4297.3757685098 2.3373370119513 1309.7762171624
4307.6822959123 3.1456921023435 1312.9174934204
4318.39300086 2.3268931489611 1316.1819569826
4327.4869956269 2.3373370119513 1318.9536713279
4337.1872567117 2.1352482393533 1321.9101666296
4347.6958728868 1.9331594667552 1325.1130365397
4358.4065778344 1.9331594667552 1328.3775001019
4368.1068389192 2.5394257845494 1331.3339954036
4376.9987449135 2.5394257845494 1334.0441160968
4387.9115386338 2.5394257845494 1337.3701733111
4398.6222435815 2.5394257845494 1340.6346368734
4407.7162383484 2.3373370119513 1343.4063512187
4418.8311208413 2.5394257845494 1346.7940020851
4428.531381926 2.5394257845494 1349.7504973868
4439.0399981011 2.7415145571474 1352.9533672969
4449.5486142762 2.5394257845494 1356.156237207
4459.2488753609 2.7415145571474 1359.1127325087
4469.5554027634 3.1456921023435 1362.2540087667
4477.6389536673 3.1456921023435 1364.7177548514
4488.349658615 2.9436033297455 1367.9822184136
4492.7956116122 4.5603135105299 1369.3372787602
4498.2520084723 2.7415145571474 1371.0003073674
4507.7501807844 2.5394257845494 1373.8952090169
4517.4504418691 3.1456921023435 1376.8517043185
4528.9695019072 2.5394257845494 1380.3625424892
4538.6697629919 2.1352482393533 1383.3190377909
4548.167935304 2.5394257845494 1386.2139394404
4558.6765514791 2.1352482393533 1389.4168093505
4565.1433922023 2.9436033297455 1391.3878062183
4569.1851676542 4.3582247379318 1392.6196792607
4571.812321698 2.7415145571474 1393.4203967382
4578.6833399663 2.1352482393533 1395.5145809102
4588.383601051 2.1352482393533 1398.4710762118
4598.0838621357 2.3373370119513 1401.4275715135
4609.4008334012 2.7415145571474 1404.8768160321
4618.8990057133 2.9436033297455 1407.7717176816
4629.2055331158 2.7415145571474 1410.9129939396
4640.1183268361 2.5394257845494 1414.2390511539
4649.0102328304 3.7519584201377 1416.9491718471
4660.7313816411 2.7415145571474 1420.5216036699
4669.6232876354 2.1352482393533 1423.2317243631
4679.7277262653 2.5394257845494 1426.311406969
4689.2258985775 2.9436033297455 1429.2063086186
4698.9261596622 3.5498696475396 1432.1628039202
4709.6368646099 3.5498696475396 1435.4272674824
4720.5496583302 2.1352482393533 1438.7533246968
4729.8457418697 2.3373370119513 1441.5866326942
4739.1418254092 2.5394257845494 1444.4199406916
4749.6504415843 2.9436033297455 1447.6228106017
4759.9569689868 1.7310706941572 1450.7640868597
4767.8384311181 2.5394257845494 1453.1662392923
4772.0822953427 8.6020889624909 1454.4597059868
4774.5073606138 20.12114900058 1455.1988298122
4785.8243318793 20.12114900058 1458.6480743308
4788.2493971505 8.1979114172948 1459.3871981562
4791.2807287395 2.3373370119513 1460.311102938
4799.1621908708 2.7415145571474 1462.7132553706
4810.0749845911 3.5498696475396 1466.0393125849
4819.5731569032 4.762402283128 1468.9342142344
4830.4859506235 4.3582247379318 1472.2602714488
4840.3883004808 4.1561359653338 1475.2783604026
4850.8969166559 4.762402283128 1478.4812303127
4861.0013552858 2.3373370119513 1481.5609129186
4870.9037051431 4.1561359653338 1484.5790018723
4881.008143773 4.3582247379318 1487.6586844782
4890.5063160851 4.1561359653338 1490.5535861277
4900.610754715 4.5603135105299 1493.6332687336
4910.7151933449 4.5603135105299 1496.7129513395
4920.213365657 3.9540471927357 1499.607852989
4930.3178042869 2.9436033297455 1502.6875355949
4941.2305980072 3.9540471927357 1506.0135928093
4950.9308590919 3.3477808749416 1508.9700881109
4960.8332089492 3.5498696475396 1511.9881770647
4970.9376475791 3.9540471927357 1515.0678596706
4981.6483525268 3.3477808749416 1518.3323232328
