-4618.800000 1937.500000 -4618.800000 1562.500000
-4018.800000 1937.500000 -4318.800000 1562.500000
-1118.100000 1587.500000 -718.800000 1462.500000
781.200000 1587.500000 1681.200000 1412.500000
1881.200000 1465.500000 2981.200000 1387.500000
4481.200000 1465.500000 4481.200000 1362.500000
4581.200000 1412.500000 5081.200000 1337.500000
5881.200000 1412.500000 5181.200000 1287.500000
5981.200000 1387.500000 5481.200000 1237.500000
6581.200000 1387.500000 5881.200000 1237.500000
6781.200000 1362.500000 6181.200000 1287.500000
6981.200000 1362.500000 6881.200000 1287.500000
