6831.2	1200.0
5531.2	1225.0
5631.2	1225.0
5731.2	1225.0
5831.2	1225.0
5931.2	1225.0
6031.2	1225.0
6131.2	1225.0
6231.2	1225.0
6331.2	1225.0
6431.2	1225.0
6531.2	1225.0
6631.2	1225.0
6731.2	1225.0
6831.2	1225.0
4831.2	1250.0
4931.2	1250.0
5031.2	1250.0
5131.2	1250.0
5231.2	1250.0
5331.2	1250.0
5431.2	1250.0
5531.2	1250.0
5631.2	1250.0
5731.2	1250.0
5831.2	1250.0
5931.2	1250.0
6031.2	1250.0
6131.2	1250.0
6231.2	1250.0
6331.2	1250.0
6431.2	1250.0
6531.2	1250.0
6631.2	1250.0
6731.2	1250.0
6831.2	1250.0
4031.2	1275.0
4131.2	1275.0
4231.2	1275.0
4331.2	1275.0
4431.2	1275.0
4531.2	1275.0
4631.2	1275.0
4731.2	1275.0
4831.2	1275.0
4931.2	1275.0
5031.2	1275.0
5131.2	1275.0
5231.2	1275.0
5331.2	1275.0
5431.2	1275.0
5531.2	1275.0
5631.2	1275.0
5731.2	1275.0
5831.2	1275.0
5931.2	1275.0
6031.2	1275.0
6131.2	1275.0
6231.2	1275.0
6331.2	1275.0
6431.2	1275.0
6531.2	1275.0
6631.2	1275.0
6731.2	1275.0
6831.2	1275.0
3431.2	1300.0
3531.2	1300.0
3631.2	1300.0
3731.2	1300.0
3831.2	1300.0
3931.2	1300.0
4031.2	1300.0
4131.2	1300.0
4231.2	1300.0
4331.2	1300.0
4431.2	1300.0
4531.2	1300.0
4631.2	1300.0
4731.2	1300.0
4831.2	1300.0
4931.2	1300.0
5031.2	1300.0
5131.2	1300.0
5231.2	1300.0
5331.2	1300.0
5431.2	1300.0
5531.2	1300.0
5631.2	1300.0
5731.2	1300.0
5831.2	1300.0
5931.2	1300.0
6031.2	1300.0
6131.2	1300.0
6231.2	1300.0
6331.2	1300.0
6431.2	1300.0
6531.2	1300.0
6631.2	1300.0
6731.2	1300.0
6831.2	1300.0
2431.2	1325.0
2531.2	1325.0
2631.2	1325.0000000000002
2731.2	1325.0
2831.1999999999994	1325.0
2931.1999999999994	1325.0
3031.1999999999994	1325.0
3131.200000000001	1325.0000000000005
3231.200000000001	1325.0000000000002
3331.1999999999994	1325.0
3431.2	1325.0
3531.2	1325.0
3631.2	1325.0
3731.2	1325.0
3831.2	1325.0
3931.2	1325.0
4031.2	1325.0
4131.2	1325.0
4231.2	1325.0
4331.2	1325.0
4431.2	1325.0
4531.2	1325.0
4631.2	1325.0
4731.2	1325.0
4831.2	1325.0
4931.2	1325.0
5031.2	1325.0
5131.2	1325.0
5231.2	1325.0
5331.2	1325.0
5431.2	1325.0
5531.2	1325.0
5631.2	1325.0
5731.2	1325.0
5831.2	1325.0
5931.2	1325.0
6031.2	1325.0
6131.2	1325.0
6231.2	1325.0
6331.2	1325.0
6431.2	1325.0
6531.2	1325.0
6631.2	1325.0
6731.2	1325.0
6831.2	1325.0
-368.8	1350.0
-268.8	1350.0
-168.80050000000003	1350.0
-68.80149999999999	1350.0
31.198500000000095	1350.0000000000002
131.19950000000009	1349.9999999999998
231.19999999999985	1350.0
331.2	1350.0
431.2	1350.0
531.2	1350.0
631.2	1350.0
731.1999999999998	1350.0
831.200000000001	1350.0000000000005
931.2	1350.0
1031.2	1350.0
1131.2	1350.0
1231.2	1350.0
1331.2	1350.0
1431.2	1350.0
1531.2	1350.0
1631.2	1350.0
1731.2	1350.0
1831.2	1350.0
1931.2	1350.0
2031.2000000000007	1350.0
2131.2	1350.0
2231.2	1350.0
2331.2	1350.0
2431.2	1350.0
2531.2	1350.0
2631.2	1350.0
2731.2	1350.0
2831.1999999999994	1350.0
2931.1999999999994	1350.0
3031.2000000000007	1350.0000000000005
3131.199999999996	1349.9999999999993
3231.1999999999994	1350.0
3331.1999999999994	1350.0
3431.2	1350.0
3531.2	1350.0
3631.2	1350.0
3731.2	1350.0
3831.2	1350.0
3931.2	1350.0
4031.2	1350.0
4131.2	1350.0
4231.2	1350.0
4331.2	1350.0
4431.2	1350.0
4531.2	1350.0
4631.2	1350.0
4731.2	1350.0
4831.2	1350.0
4931.2	1350.0
5031.2	1350.0
5131.2	1350.0
5231.2	1350.0
5331.2	1350.0
5431.2	1350.0
5531.2	1350.0
5631.2	1350.0
5731.2	1350.0
5831.2	1350.0
5931.2	1350.0
6031.2	1350.0
6131.2	1350.0
6231.2	1350.0
6331.2	1350.0
6431.2	1350.0
6531.2	1350.0
6631.2	1350.0
6731.2	1350.0
6831.2	1350.0
-668.8	1374.9999999999998
-568.8	1375.0
-468.79999999999984	1375.0
-368.8	1375.0
-268.8	1375.0
-168.80049999999983	1375.0000000000002
-68.80149999999996	1375.0
31.198500000000024	1375.0000000000002
131.19949999999992	1375.0
231.19999999999987	1374.9999999999998
331.2	1375.0
431.2	1375.0
531.1999999999999	1375.0
631.2	1375.0000000000002
731.1999999999995	1374.9999999999995
831.2000000000002	1375.0
931.2	1375.0
1031.2	1375.0
1131.2	1375.0
1231.2	1375.0
1331.2	1375.0
1431.2	1375.0
1531.2	1375.0
1631.2	1375.0
1731.2	1375.0
1831.2	1375.0
1931.2	1375.0
2031.2	1375.0
2131.2	1375.0
2231.2	1375.0
2331.2	1375.0
2431.2	1375.0
2531.2	1375.0
2631.2	1375.0
2731.2	1375.0
2831.1999999999994	1375.0
2931.1999999999994	1375.0
3031.2000000000007	1375.0000000000005
3131.1999999999994	1375.0
3231.1999999999994	1375.0
3331.1999999999994	1375.0
3431.2	1375.0
3531.2	1375.0
3631.2	1375.0
3731.2	1375.0
3831.2	1375.0
3931.2	1375.0
4031.2	1375.0
4131.2	1375.0
4231.2	1375.0
4331.2	1375.0
4431.2	1375.0
4531.2	1375.0
4631.2	1375.0
4731.2	1375.0
4831.2	1375.0
4931.2	1375.0
5031.2	1375.0
5131.2	1375.0
5231.2	1375.0
5331.2	1375.0
5431.2	1375.0
5531.2	1375.0
5631.2	1375.0
5731.2	1375.0
5831.2	1375.0
5931.2	1375.0
6031.2	1375.0
6131.2	1375.0
6231.2	1375.0
6331.2	1375.0
6431.2	1375.0
6531.2	1375.0
6631.2	1375.0
6731.2	1375.0
6831.200000000004	1375.0000000000011
-968.8	1400.0
-868.8	1400.0
-768.7999999999994	1400.0000000000002
-668.8	1399.9999999999998
-568.8	1400.0
-468.8	1400.0000000000002
-368.8	1400.0
-268.8	1400.0
-168.80049999999994	1400.0
-68.8014999999999	1400.0
31.198499999999964	1400.0
131.1994999999999	1400.0
231.2	1400.0
331.2	1400.0
431.2	1400.0
531.2000000000002	1400.0
631.2	1400.0000000000002
731.1999999999998	1400.0
831.2000000000002	1400.0
931.2	1400.0
1031.2	1400.0
1131.2	1400.0
1231.2	1400.0
1331.2	1400.0
1431.2	1400.0
1531.2	1400.0
1631.2	1400.0
1731.2	1400.0
1831.2	1400.0
1931.2	1400.0
2031.2	1400.0
2131.2	1400.0
2231.2	1400.0
2331.2	1400.0
2431.2	1400.0
2531.2	1400.0
2631.2	1400.0
2731.2	1400.0
2831.1999999999994	1400.0
2931.1999999999994	1400.0
3031.200000000001	1400.0000000000005
3131.1999999999994	1400.0
3231.1999999999994	1400.0
3331.1999999999994	1400.0
3431.2	1400.0
3531.2	1400.0
3631.2	1400.0
3731.2	1400.0
3831.2	1400.0
3931.2	1400.0
4031.2	1400.0
4131.2	1400.0
4231.2	1400.0
4331.2	1400.0
4431.2	1400.0
4531.2	1400.0
4631.2	1400.0
4731.2	1400.0
4831.2	1400.0
4931.2	1400.0
5031.2	1400.0
5131.2	1400.0
5231.2	1400.0
5331.2	1400.0
5431.2	1400.0
5531.2	1400.0
5631.2	1400.0
5731.2	1400.0
5831.2	1400.0
5931.2	1400.0
6031.2	1400.0
6131.2	1400.0
6231.2	1400.0
6331.2	1400.0
6431.2	1400.0
6531.2	1400.0
6631.2	1400.0
6731.2	1400.0
6831.2	1400.0
-1268.8	1425.0
-1168.8	1425.0
-1068.8	1425.0
-968.8	1425.0
-868.8	1425.0
-768.7999999999998	1425.0
-668.8	1425.0
-568.8	1425.0
-468.7999999999999	1425.0
-368.8	1425.0
-268.8	1425.0
-168.8005	1424.9999999999998
-68.80149999999998	1424.9999999999998
31.1985	1425.0
131.19950000000009	1424.9999999999998
231.2000000000002	1425.0
331.2	1425.0
431.2	1425.0
531.1999999999999	1425.0
631.2	1425.0
731.2000000000005	1424.9999999999998
831.2000000000002	1425.0
931.2	1425.0
1031.2	1425.0
1131.2	1425.0
1231.2	1425.0
1331.2	1425.0
1431.2	1425.0
1531.2	1425.0
1631.2	1425.0
1731.2	1425.0
1831.2	1425.0
1931.2	1425.0
2031.2000000000005	1425.0
2131.2	1425.0
2231.2	1425.0
2331.2	1425.0
2431.2	1425.0
2531.2	1425.0
2631.2	1425.0
2731.2	1425.0
2831.1999999999994	1425.0
2931.1999999999994	1425.0
3031.1999999999994	1425.0
3131.1999999999994	1425.0
3231.1999999999994	1425.0
3331.1999999999994	1425.0
3431.2	1425.0
3531.2	1425.0
3631.2	1425.0
3731.2	1425.0
3831.2	1425.0
3931.2	1425.0
4031.2	1425.0
4131.2	1425.0
4231.2	1425.0
4331.2	1425.0
4431.2	1425.0
4531.2	1425.0
4631.2	1425.0
4731.2	1425.0
4831.2	1425.0
4931.2	1425.0
5031.2	1425.0
5131.2	1425.0
5231.2	1425.0
5331.2	1425.0
5431.2	1425.0
5531.2	1425.0
5631.2	1425.0
5731.2	1425.0
5831.2	1425.0
5931.2	1425.0
6031.2	1425.0
6131.2	1425.0
6231.2	1425.0
6331.2	1425.0
6431.2	1425.0
6531.2	1425.0
6631.2	1425.0
6731.2	1425.0
6831.199999999995	1424.9999999999995
-2068.7999999999997	1450.0000000000002
-1868.8	1450.0
-1768.8	1450.0
-1668.8	1450.0
-1568.8	1450.0
-1468.8	1450.0
-1368.8	1450.0
-1268.8	1450.0
-1168.8	1450.0
-1068.8	1450.0
-968.8	1450.0
-868.8	1450.0
-768.7999999999998	1450.0
-668.8000000000003	1450.0000000000002
-568.8	1450.0
-468.8	1450.0
-368.8	1450.0
-268.8	1450.0
-168.8005	1450.0
-68.80149999999998	1449.9999999999998
31.19850000000019	1450.0
131.19950000000009	1450.0
231.19999999999976	1450.0
331.2	1450.0
431.2	1450.0
531.2	1450.0
631.2	1450.0
731.2000000000005	1450.0
831.2000000000002	1450.0
931.2	1450.0
1031.2	1450.0
1131.2	1450.0
1231.2	1450.0
1331.2	1450.0
1431.2	1450.0
1531.2	1450.0
1631.2	1450.0
1731.2	1450.0
1831.2	1450.0
1931.2	1450.0
2031.2	1450.0
2131.2	1450.0
2231.2	1450.0
2331.2	1450.0
2431.2	1450.0
2531.2	1450.0
2631.2	1450.0
2731.2	1450.0
2831.2000000000007	1449.9999999999995
2931.200000000001	1449.9999999999995
3031.1999999999994	1450.0
3131.1999999999994	1450.0
3231.1999999999994	1450.0
3331.1999999999994	1450.0
3431.2	1450.0
3531.2	1450.0
3631.2	1450.0
3731.2	1450.0
3831.2	1450.0
3931.2	1450.0
4031.2	1450.0
4131.2	1450.0
4231.2	1450.0
4331.2	1450.0
4431.2	1450.0
4531.2	1450.0
4631.2	1450.0
4731.2	1450.0
4831.2	1450.0
4931.2	1450.0
5031.2	1450.0
5131.2	1450.0
5231.2	1450.0
5331.2	1450.0
5431.2	1450.0
5531.2	1450.0
5631.2	1450.0
5731.2	1450.0
5831.2	1450.0
5931.2	1450.0
6031.2	1450.0
6131.2	1450.0
6231.2	1450.0
6331.2	1450.0
6431.2	1450.0
6531.2	1450.0
6631.2	1450.0
6731.2	1450.0
6831.2	1450.0
-4168.8	1475.0
-4068.8	1475.0
-3968.8	1475.0
-3868.8	1475.0
-3768.8	1475.0
-3668.8	1475.0
-3568.8	1475.0
-3468.8	1475.0
-3368.8000000000006	1475.0
-3268.8000000000006	1475.0
-3168.8000000000006	1475.0
-3068.8000000000006	1475.0
-2968.8000000000006	1475.0
-2868.799999999999	1475.0000000000002
-2768.8000000000006	1475.0
-2668.8	1475.0
-2568.8	1475.0
-2468.8	1475.0
-2368.8	1475.0
-2268.7999999999997	1475.0
-2168.8	1475.0
-2068.7999999999993	1475.0000000000005
-1968.8	1475.0
-1868.8	1475.0
-1768.8	1475.0
-1668.8	1475.0
-1568.8	1475.0
-1468.8	1475.0
-1368.8	1475.0
-1268.8	1475.0
-1168.8	1475.0
-1068.8	1475.0
-968.8	1475.0
-868.8	1475.0
-768.7999999999998	1475.0
-668.8000000000003	1475.0
-568.8	1475.0
-468.7999999999999	1475.0
-368.8	1475.0
-268.8	1475.0
-168.80050000000003	1475.0
-68.80149999999998	1475.0
31.198499999999996	1475.0
131.19949999999994	1475.0000000000002
231.2	1475.0
331.2	1475.0
431.2	1475.0
531.1999999999999	1475.0
631.2	1475.0000000000002
731.1999999999998	1475.0
831.2000000000002	1475.0
931.2	1475.0
1031.2	1475.0
1131.2	1475.0
1231.2	1475.0
1331.2	1475.0
1431.2	1475.0
1531.2	1475.0
1631.2	1475.0
1731.2	1475.0
1831.2	1475.0
1931.2	1475.0
2031.2000000000003	1475.0
2131.2	1475.0
2231.2	1475.0
2331.2	1475.0
2431.2	1475.0
2531.2	1475.0
2631.2	1475.0
2731.2	1475.0
2831.1999999999994	1475.0
2931.1999999999994	1475.0
3031.1999999999994	1475.0
3131.1999999999994	1475.0
3231.1999999999994	1475.0
3331.1999999999994	1475.0
3431.2	1475.0
3531.2	1475.0
3631.2	1475.0
3731.2	1475.0
3831.2	1475.0
3931.2	1475.0
4031.2	1475.0
4131.2	1475.0
4231.2	1475.0
4331.2	1475.0
4431.2	1475.0
4531.2	1475.0
4631.2	1475.0
4731.2	1475.0
4831.2	1475.0
4931.2	1475.0
5031.2	1475.0
5131.2	1475.0
5231.2	1475.0
5331.2	1475.0
5431.2	1475.0
5531.2	1475.0
5631.2	1475.0
5731.2	1475.0
5831.2	1475.0
5931.2	1475.0
6031.2	1475.0
6131.2	1475.0
6231.2	1475.0
6331.2	1475.0
6431.2	1475.0
6531.2	1475.0
6631.2	1475.0
6731.2	1475.0
6831.200000000002	1475.0000000000007
-4568.8	1500.0
-4468.8	1500.0
-4368.8	1500.0
-4268.8	1500.0
-4168.8	1500.0
-4068.8	1500.0
-3968.8	1500.0
-3868.8	1500.0
-3768.8	1500.0
-3668.8	1500.0
-3568.8	1500.0
-3468.8	1500.0
-3368.8000000000006	1500.0
-3268.8000000000006	1500.0
-3168.8000000000006	1500.0
-3068.8000000000006	1500.0
-2968.8000000000006	1500.0
-2868.8000000000006	1500.0
-2768.8000000000006	1500.0
-2668.8	1500.0
-2568.8	1500.0
-2468.8	1500.0
-2368.8	1500.0
-2268.8	1500.0
-2168.8	1500.0
-2068.8	1500.0
-1968.8	1500.0
-1868.8	1500.0
-1768.8	1500.0
-1668.8	1500.0
-1568.8	1500.0
-1468.8	1500.0
-1368.8	1500.0
-1268.8	1500.0
-1168.8	1500.0
-1068.8	1500.0
-968.8	1500.0
-868.8	1500.0
-768.7999999999998	1500.0
-668.7999999999995	1500.0
-568.8	1500.0
-468.79999999999984	1500.0
-368.8	1500.0
-268.8	1500.0
-168.80050000000003	1500.0
-68.80150000000006	1500.0
31.19850000000019	1500.0
131.19950000000014	1500.0
231.2	1500.0
331.2	1500.0
431.2	1500.0
531.2000000000002	1500.0
631.2	1500.0
731.2000000000002	1500.0
831.2000000000002	1500.0
931.2	1500.0
1031.2	1500.0
1131.2	1500.0
1231.2	1500.0
1331.2	1500.0
1431.2	1500.0
1531.2	1500.0
1631.2	1500.0
1731.2	1500.0
1831.2	1500.0
1931.2	1500.0
2031.1999999999996	1500.0
2131.2	1500.0
2231.2	1500.0
2331.2	1500.0
2431.2	1500.0
2531.2	1500.0
2631.2	1500.0
2731.199999999997	1499.9999999999993
2831.199999999996	1499.9999999999993
2931.1999999999994	1500.0
3031.1999999999994	1500.0
3131.1999999999994	1500.0
3231.1999999999994	1500.0
3331.1999999999994	1500.0
3431.2	1500.0
3531.2	1500.0
3631.2	1500.0
3731.2	1500.0
3831.2	1500.0
3931.2	1500.0
4031.2	1500.0
4131.2	1500.0
4231.2	1500.0
4331.2	1500.0
4431.2	1500.0
4531.2	1500.0
4631.2	1500.0
4731.2	1500.0
4831.2	1500.0
4931.2	1500.0
5031.2	1500.0
5131.2	1500.0
5231.2	1500.0
5331.2	1500.0
5431.2	1500.0
5531.2	1500.0
5631.2	1500.0
5731.2	1500.0
5831.2	1500.0
5931.2	1500.0
6031.2	1500.0
6131.2	1500.0
6231.2	1500.0
6331.2	1500.0
6431.2	1500.0
6531.2	1500.0
6631.2	1500.0
6731.2	1500.0
6831.2	1500.0
-4568.8	1525.0
-4468.8	1525.0
-4368.8	1525.0
-4268.8	1525.0
-4168.8	1525.0
-4068.8	1525.0
-3968.8	1525.0
-3868.8	1525.0
-3768.8	1525.0
-3668.8	1525.0
-3568.8	1525.0
-3468.8	1525.0
-3368.8000000000006	1525.0
-3268.8000000000006	1525.0
-3168.8000000000006	1525.0
-3068.8000000000006	1525.0
-2968.8000000000006	1525.0
-2868.8000000000006	1525.0
-2768.8000000000025	1524.9999999999998
-2668.8	1525.0
-2568.8	1525.0
-2468.8	1525.0
-2368.8	1525.0
-2268.8	1525.0
-2168.8	1525.0
-2068.8000000000006	1524.9999999999998
-1968.8	1525.0
-1868.8	1525.0
-1768.8	1525.0
-1668.8	1525.0
-1568.8	1525.0
-1468.8	1525.0
-1368.8	1525.0
-1268.8	1525.0
-1168.8	1525.0
-1068.8	1525.0
-968.8	1525.0
-868.8	1525.0
-768.7999999999998	1525.0
-668.8	1525.0
-568.8	1525.0
-468.8	1525.0000000000002
-368.8	1525.0
-268.8	1525.0
-168.80049999999983	1525.0000000000002
-68.80150000000003	1525.0000000000002
31.198500000000088	1525.0
131.19949999999994	1525.0
231.2	1525.0
331.2	1525.0
431.2	1525.0
531.1999999999999	1525.0
631.2	1525.0000000000002
731.1999999999995	1524.9999999999998
831.2000000000002	1525.0
931.2	1525.0
1031.2	1525.0
1131.2	1525.0
1231.2	1525.0
1331.2	1525.0
1431.2	1525.0
1531.2	1525.0
1631.2	1525.0
1731.2	1525.0
1831.2	1525.0
1931.2	1525.0
2031.2	1525.0
2131.2	1525.0
2231.2	1525.0
2331.2	1525.0
2431.2	1525.0
2531.2	1525.0
2631.2	1525.0
2731.2	1524.9999999999998
2831.1999999999994	1525.0
2931.1999999999994	1525.0
3031.1999999999994	1525.0
3131.1999999999994	1525.0
3231.1999999999994	1525.0
3331.1999999999994	1525.0
3431.2	1525.0
3531.2	1525.0
3631.2	1525.0
3731.2	1525.0
3831.2	1525.0
3931.2	1525.0
4031.2	1525.0
4131.2	1525.0
4231.2	1525.0
4331.2	1525.0
4431.2	1525.0
4531.2	1525.0
4631.2	1525.0
4731.2	1525.0
4831.2	1525.0
4931.2	1525.0
5031.2	1525.0
5131.2	1525.0
5231.2	1525.0
5331.2	1525.0
5431.2	1525.0
5531.2	1525.0
5631.2	1525.0
5731.2	1525.0
5831.2	1525.0
5931.2	1525.0
6031.2	1525.0
6131.2	1525.0
6231.2	1525.0
6331.2	1525.0
6431.2	1525.0
6531.2	1525.0
6631.2	1525.0
6731.2	1525.0
6831.199999999994	1525.000000000001
-4568.8	1550.0
-4468.8	1550.0
-4368.8	1550.0
-4268.8	1550.0
-4168.8	1550.0
-4068.8	1550.0
-3968.8	1550.0
-3868.8	1550.0
-3768.8	1550.0
-3668.8	1550.0
-3568.8	1550.0
-3468.8	1550.0
-3368.8000000000006	1550.0
-3268.8000000000006	1550.0
-3168.8000000000006	1550.0
-3068.8000000000006	1550.0
-2968.8000000000006	1550.0
-2868.8000000000006	1550.0
-2768.8000000000006	1550.0
-2668.800000000002	1549.9999999999995
-2568.8	1550.0
-2468.8	1550.0
-2368.8	1550.0
-2268.7999999999997	1550.0
-2168.8	1550.0
-2068.8	1550.0
-1968.8	1550.0
-1868.8	1550.0
-1768.8	1550.0
-1668.8	1550.0
-1568.8	1550.0
-1468.8	1550.0
-1368.8	1550.0
-1268.8	1550.0
-1168.8	1550.0
-1068.8	1550.0
-968.8	1550.0
-868.8	1550.0
-768.7999999999998	1550.0
-668.8000000000003	1550.0000000000002
-568.8	1550.0
-468.79999999999995	1550.0
-368.8	1550.0
-268.8	1550.0
-168.80050000000008	1550.0
-68.80150000000002	1550.0000000000002
31.198500000000042	1550.0000000000002
131.19950000000003	1550.0000000000002
231.2	1550.0
331.2	1550.0
431.2	1550.0
531.2000000000002	1550.0000000000002
631.1999999999997	1550.0
731.1999999999997	1549.9999999999998
831.2000000000002	1550.0
931.2	1550.0
1031.2	1550.0
1131.2	1550.0
1231.2	1550.0
1331.2	1550.0
1431.2	1550.0
1531.2	1550.0
1631.2	1550.0
1731.2	1550.0
1831.2	1550.0
1931.2	1550.0
2031.2000000000003	1550.0
2131.2	1550.0
2231.2	1550.0
2331.2	1550.0
2431.2	1550.0
2531.2	1550.0
2631.2	1550.0
2731.200000000003	1550.0000000000007
2831.1999999999994	1550.0
2931.1999999999994	1550.0
3031.1999999999994	1550.0
3131.1999999999994	1550.0
3231.1999999999994	1550.0
3331.1999999999994	1550.0
3431.2	1550.0
3531.2	1550.0
3631.2	1550.0
3731.2	1550.0
3831.2	1550.0
3931.2	1550.0
4031.2	1550.0
4131.2	1550.0
4231.2	1550.0
4331.2	1550.0
4431.2	1550.0
4531.2	1550.0
4631.2	1550.0
4731.2	1550.0
4831.2	1550.0
4931.2	1550.0
5031.2	1550.0
5131.2	1550.0
5231.2	1550.0
5331.2	1550.0
5431.2	1550.0
5531.2	1550.0
5631.2	1550.0
5731.2	1550.0
5831.2	1550.0
5931.2	1550.0
6031.2	1550.0
6131.2	1550.0
6231.2	1550.0
6331.2	1550.0
6431.2	1550.0
6531.2	1550.0
6631.2	1550.0
6731.2	1550.0
6831.2	1550.0
-4568.8	1575.0
-4468.8	1575.0
-4368.8	1575.0
-4268.8	1575.0
-4168.8	1575.0
-4068.8	1575.0
-3968.8	1575.0
-3868.8	1575.0
-3768.8	1575.0
-3668.8	1575.0
-3568.8	1575.0
-3468.8	1575.0
-3368.8000000000006	1575.0
-3268.8000000000006	1575.0
-3168.8000000000006	1575.0
-3068.8000000000006	1575.0
-2968.8000000000006	1575.0
-2868.8000000000006	1575.0
-2768.8000000000006	1575.0
-2668.800000000003	1574.9999999999993
-2568.8	1575.0
-2468.8	1575.0
-2368.8	1575.0
-2268.8000000000006	1575.0
-2168.8	1575.0
-2068.8	1575.0000000000002
-1968.8	1575.0
-1868.8	1575.0
-1768.8	1575.0
-1668.8	1575.0
-1568.8	1575.0
-1468.8	1575.0
-1368.8	1575.0
-1268.8	1575.0
-1168.8	1575.0
-1068.8	1575.0
-968.8	1575.0
-868.8	1575.0
-768.7999999999998	1575.0
-668.8000000000003	1574.9999999999998
-568.8	1575.0
-468.8000000000002	1575.0
-368.8	1575.0
-268.8	1575.0
-168.80050000000003	1575.0
-68.80150000000002	1575.0000000000002
31.198499999999992	1575.0
131.1995	1575.0000000000002
231.2	1575.0
331.2	1575.0
431.2	1575.0
531.1999999999999	1575.0000000000002
631.1999999999997	1575.0
731.2000000000002	1575.0
831.2000000000002	1575.0
931.2	1575.0
1031.2	1575.0
1131.2	1575.0
1231.2	1575.0
1331.2	1575.0
1431.2	1575.0
1531.2	1575.0
1631.2	1575.0
1731.2	1575.0
1831.2	1575.0
1931.2	1575.0
2031.2000000000003	1575.0
2131.2	1575.0000000000002
2231.2	1575.0000000000002
2331.2	1575.0
2431.2	1575.0000000000002
2531.2	1575.0000000000002
2631.2000000000016	1575.0000000000005
2731.2	1575.0
2831.1999999999994	1575.0
2931.1999999999994	1575.0
3031.1999999999994	1575.0
3131.1999999999994	1575.0
3231.1999999999994	1575.0
3331.1999999999994	1575.0
3431.2	1575.0
3531.2	1575.0
3631.2	1575.0
3731.2	1575.0
3831.2	1575.0
3931.2	1575.0
4031.2	1575.0
4131.2	1575.0
4231.2	1575.0
4331.2	1575.0
4431.2	1575.0
4531.2	1575.0
4631.2	1575.0
4731.2	1575.0
4831.2	1575.0
4931.2	1575.0
5031.2	1575.0
5131.2	1575.0
5231.2	1575.0
5331.2	1575.0
5431.2	1575.0
5531.2	1575.0
5631.2	1575.0
5731.2	1575.0
5831.2	1575.0
5931.2	1575.0
6031.2	1575.0
6131.2	1575.0
6231.2	1575.0
6331.2	1575.0
6431.2	1575.0
6531.2	1575.0
6631.2	1575.0
6731.2	1575.0
6831.199999999994	1574.999999999999
-4568.8	1600.0
-4468.8	1600.0
-4368.8	1600.0
-4268.8	1600.0
-4168.8	1600.0
-4068.8	1600.0
-3968.8	1600.0
-3868.8	1600.0
-3768.8	1600.0
-3668.8	1600.0
-3568.8	1600.0
-3468.8	1600.0
-3368.8000000000006	1600.0
-3268.8000000000006	1600.0
-3168.8000000000006	1600.0
-3068.8000000000006	1600.0
-2968.8000000000006	1600.0
-2868.8000000000006	1600.0
-2768.8000000000006	1600.0
-2668.8	1600.0
-2568.7999999999984	1599.9999999999995
-2468.8	1600.0
-2368.8	1600.0
-2268.8	1600.0
-2168.8	1600.0
-2068.7999999999993	1600.0000000000005
-1968.8	1600.0
-1868.8	1600.0
-1768.8	1600.0
-1668.8	1600.0
-1568.8	1600.0
-1468.8	1600.0
-1368.8	1600.0
-1268.8	1600.0
-1168.8	1600.0
-1068.8	1600.0
-968.8	1600.0
-868.8	1600.0
-768.7999999999998	1600.0
-668.7999999999995	1600.0000000000002
-568.8	1600.0
-468.8000000000001	1600.0
-368.8	1600.0
-268.8	1600.0
-168.8005	1600.0
-68.8014999999999	1600.0
31.198500000000074	1600.0
131.19950000000009	1600.0
231.2	1600.0
331.2	1600.0
431.2	1600.0
531.1999999999999	1600.0
631.2000000000005	1599.9999999999998
731.2000000000002	1600.0
831.2000000000002	1600.0
931.2	1600.0
1031.2	1600.0
1131.2	1600.0
1231.2	1600.0
1331.2	1600.0
1431.2	1600.0
1531.2	1600.0
1631.2	1600.0
1731.2	1600.0
1831.2	1600.0
1931.2	1600.0
2031.2	1600.0
2131.2	1600.0
2231.2	1600.0
2331.1999999999994	1600.0
2431.2	1600.0
2531.2	1600.0
2631.2000000000016	1600.0000000000005
2731.2	1600.0
2831.1999999999994	1600.0
2931.1999999999994	1600.0
3031.1999999999994	1600.0
3131.1999999999994	1600.0
3231.1999999999994	1600.0
3331.1999999999994	1600.0
3431.2	1600.0
3531.2	1600.0
3631.2	1600.0
3731.2	1600.0
3831.2	1600.0
3931.2	1600.0
4031.2	1600.0
4131.2	1600.0
4231.2	1600.0
4331.2	1600.0
4431.2	1600.0
4531.2	1600.0
4631.2	1600.0
4731.2	1600.0
4831.2	1600.0
4931.2	1600.0
5031.2	1600.0
5131.2	1600.0
5231.2	1600.0
5331.2	1600.0
5431.2	1600.0
5531.2	1600.0
5631.2	1600.0
5731.2	1600.0
5831.2	1600.0
5931.2	1600.0
6031.2	1600.0
6131.2	1600.0
6231.2	1600.0
6331.2	1600.0
6431.2	1600.0
6531.2	1600.0
6631.2	1600.0
6731.2	1600.0
6831.2	1600.0
-4568.8	1625.0
-4468.8	1625.0
-4368.8	1625.0
-4268.8	1625.0
-4168.8	1625.0
-4068.8	1625.0
-3968.8	1625.0
-3868.8	1625.0
-3768.8	1625.0
-3668.8	1625.0
-3568.8	1625.0
-3468.8	1625.0
-3368.8000000000006	1625.0
-3268.8000000000006	1625.0
-3168.8000000000006	1625.0
-3068.8000000000006	1625.0
-2968.8000000000006	1625.0
-2868.8000000000006	1625.0
-2768.8000000000006	1625.0
-2668.8	1625.0
-2568.799999999997	1625.0000000000007
-2468.8	1625.0
-2368.7999999999997	1625.0000000000002
-2268.8	1625.0
-2168.8	1625.0
-2068.8	1625.0000000000002
-1968.8	1625.0
-1868.8	1625.0
-1768.8	1625.0
-1668.8	1625.0
-1568.8	1625.0
-1468.8	1625.0
-1368.8	1625.0
-1268.8	1625.0
-1168.8	1625.0
-1068.8	1625.0
-968.8	1625.0
-868.8	1625.0
-768.7999999999998	1625.0
-668.8	1625.0
-568.8	1625.0000000000002
-468.8000000000002	1625.0
-368.8	1625.0
-268.8	1625.0
-168.8004999999999	1624.9999999999998
-68.8014999999998	1625.0000000000002
31.19850000000019	1625.0
131.19950000000009	1624.9999999999998
231.2	1625.0
331.2	1625.0
431.2	1625.0
531.2	1625.0
631.2000000000004	1624.9999999999998
731.2000000000002	1625.0
831.2000000000002	1625.0
931.2	1625.0
1031.2	1625.0
1131.2	1625.0
1231.2	1625.0
1331.2	1625.0
1431.2	1625.0
1531.2	1625.0
1631.2	1625.0
1731.2	1625.0
1831.2	1625.0
1931.2	1625.0
2031.1999999999996	1625.0000000000002
2131.2	1625.0
2231.2	1625.0
2331.2	1625.0
2431.2	1625.0
2531.2	1625.0000000000002
2631.2000000000016	1625.0000000000002
2731.2	1625.0
2831.1999999999994	1625.0
2931.1999999999994	1625.0
3031.1999999999994	1625.0
3131.1999999999994	1625.0
3231.1999999999994	1625.0
3331.1999999999994	1625.0
3431.2	1625.0
3531.2	1625.0
3631.2	1625.0
3731.2	1625.0
3831.2	1625.0
3931.2	1625.0
4031.2	1625.0
4131.2	1625.0
4231.2	1625.0
4331.2	1625.0
4431.2	1625.0
4531.2	1625.0
4631.2	1625.0
4731.2	1625.0
4831.2	1625.0
4931.2	1625.0
5031.2	1625.0
5131.2	1625.0
5231.2	1625.0
5331.2	1625.0
5431.2	1625.0
5531.2	1625.0
5631.2	1625.0
5731.2	1625.0
5831.2	1625.0
5931.2	1625.0
6031.2	1625.0
6131.2	1625.0
6231.2	1625.0
6331.2	1625.0
6431.2	1625.0
6531.2	1625.0
6631.2	1625.0
6731.2	1625.0
6831.199999999998	1624.9999999999995
-4568.8	1650.0
-4468.8	1650.0
-4368.8	1650.0
-4268.8	1650.0
-4168.8	1650.0
-4068.8	1650.0
-3968.8	1650.0
-3868.8	1650.0
-3768.8	1650.0
-3668.8	1650.0
-3568.8	1650.0
-3468.8	1650.0
-3368.8000000000006	1650.0
-3268.8000000000006	1650.0
-3168.8000000000006	1650.0
-3068.8000000000006	1650.0
-2968.8000000000006	1650.0
-2868.8000000000006	1650.0
-2768.8000000000006	1650.0
-2668.8	1650.0
-2568.8	1650.0
-2468.8	1650.0
-2368.8	1650.0
-2268.8	1650.0
-2168.8	1650.0
-2068.8	1650.0000000000002
-1968.8	1650.0
-1868.8	1650.0
-1768.8	1650.0
-1668.8	1650.0
-1568.8	1650.0
-1468.8	1650.0
-1368.8	1650.0
-1268.8	1650.0
-1168.8	1650.0
-1068.8	1650.0
-968.8	1650.0
-868.8	1650.0
-768.7999999999998	1650.0
-668.8	1650.0
-568.8000000000001	1650.0
-468.8000000000002	1649.9999999999998
-368.8	1650.0
-268.8	1650.0
-168.80049999999994	1650.0
-68.8014999999999	1650.0
31.198500000000013	1650.0000000000002
131.1995	1650.0
231.2	1650.0
331.2	1650.0
431.2	1650.0
531.1999999999999	1650.0
631.2000000000005	1650.0
731.2000000000002	1650.0
831.2000000000002	1650.0
931.2	1650.0
1031.2	1650.0
1131.2	1650.0
1231.2	1650.0
1331.2	1650.0
1431.2	1650.0
1531.2	1650.0
1631.2	1650.0
1731.2	1650.0
1831.2	1650.0
1931.2	1650.0
2031.1999999999998	1650.0
2131.2	1650.0
2231.2	1650.0
2331.2	1650.0
2431.2	1650.0
2531.1999999999985	1649.9999999999995
2631.2	1650.0
2731.2	1650.0
2831.1999999999994	1650.0
2931.1999999999994	1650.0
3031.1999999999994	1650.0
3131.1999999999994	1650.0
3231.1999999999994	1650.0
3331.1999999999994	1650.0
3431.2	1650.0
3531.2	1650.0
3631.2	1650.0
3731.2	1650.0
3831.2	1650.0
3931.2	1650.0
4031.2	1650.0
4131.2	1650.0
4231.2	1650.0
4331.2	1650.0
4431.2	1650.0
4531.2	1650.0
4631.2	1650.0
4731.2	1650.0
4831.2	1650.0
4931.2	1650.0
5031.2	1650.0
5131.2	1650.0
5231.2	1650.0
5331.2	1650.0
5431.2	1650.0
5531.2	1650.0
5631.2	1650.0
5731.2	1650.0
5831.2	1650.0
5931.2	1650.0
6031.2	1650.0
6131.2	1650.0
6231.2	1650.0
6331.2	1650.0
6431.2	1650.0
6531.2	1650.0
6631.2	1650.0
6731.2	1650.0
6831.2	1650.0
-4568.8	1675.0
-4468.8	1675.0
-4368.8	1675.0
-4268.8	1675.0
-4168.8	1675.0
-4068.8	1675.0
-3968.8	1675.0
-3868.8	1675.0
-3768.8	1675.0
-3668.8	1675.0
-3568.8	1675.0
-3468.8	1675.0
-3368.8000000000006	1675.0
-3268.8000000000006	1675.0
-3168.8000000000006	1675.0
-3068.8000000000006	1675.0
-2968.8000000000006	1675.0
-2868.8000000000006	1675.0
-2768.8000000000006	1675.0
-2668.8	1675.0
-2568.7999999999984	1675.0000000000002
-2468.800000000002	1674.9999999999995
-2368.8	1675.0
-2268.7999999999997	1675.0
-2168.8	1675.0
-2068.7999999999993	1675.0
-1968.8	1675.0
-1868.8	1675.0
-1768.8	1675.0
-1668.8	1675.0
-1568.8	1675.0
-1468.8	1675.0
-1368.8	1675.0
-1268.8	1675.0
-1168.8	1675.0
-1068.8	1675.0
-968.8	1675.0
-868.8	1675.0
-768.7999999999998	1675.0
-668.7999999999992	1675.0000000000005
-568.8	1675.0
-468.8000000000001	1675.0
-368.8	1675.0
-268.8	1675.0
-168.8005	1675.0
-68.80149999999998	1675.0
31.198500000000024	1675.0000000000002
131.1995000000002	1675.0
231.2	1675.0
331.2	1675.0
431.2	1675.0
531.2000000000002	1675.0
631.2	1674.9999999999998
731.2000000000002	1675.0
831.2000000000002	1675.0
931.2	1675.0
1031.2	1675.0
1131.2	1675.0
1231.2	1675.0
1331.2	1675.0
1431.2	1675.0
1531.2	1675.0
1631.2	1675.0
1731.2	1675.0
1831.2	1675.0
1931.2	1675.0
2031.1999999999994	1674.9999999999998
2131.2	1675.0
2231.2	1675.0
2331.2	1675.0
2431.2	1675.0
2531.2	1675.0
2631.2	1675.0
2731.2	1675.0
2831.1999999999994	1675.0
2931.1999999999994	1675.0
3031.1999999999994	1675.0
3131.1999999999994	1675.0
3231.1999999999994	1675.0
3331.1999999999994	1675.0
3431.2	1675.0
3531.2	1675.0
3631.2	1675.0
3731.2	1675.0
3831.2	1675.0
3931.2	1675.0
4031.2	1675.0
4131.2	1675.0
4231.2	1675.0
4331.2	1675.0
4431.2	1675.0
4531.2	1675.0
4631.2	1675.0
4731.2	1675.0
4831.2	1675.0
4931.2	1675.0
5031.2	1675.0
5131.2	1675.0
5231.2	1675.0
5331.2	1675.0
5431.2	1675.0
5531.2	1675.0
5631.2	1675.0
5731.2	1675.0
5831.2	1675.0
5931.2	1675.0
6031.2	1675.0
6131.2	1675.0
6231.2	1675.0
6331.2	1675.0
6431.2	1675.0
6531.2	1675.0
6631.2	1675.0
6731.2	1675.0
6831.200000000001	1674.9999999999993
-4568.8	1700.0
-4468.8	1700.0
-4368.8	1700.0
-4268.8	1700.0
-4168.8	1700.0
-4068.8	1700.0
-3968.8	1700.0
-3868.8	1700.0
-3768.8	1700.0
-3668.8	1700.0
-3568.8	1700.0
-3468.8	1700.0
-3368.8000000000006	1700.0
-3268.8000000000006	1700.0
-3168.8000000000006	1700.0
-3068.8000000000006	1700.0
-2968.8000000000006	1700.0
-2868.8000000000006	1700.0
-2768.8000000000006	1700.0
-2668.8	1700.0
-2568.8	1699.9999999999998
-2468.7999999999997	1700.0
-2368.7999999999997	1699.9999999999998
-2268.8	1700.0
-2168.8	1700.0
-2068.8	1700.0000000000002
-1968.8	1700.0
-1868.8	1700.0
-1768.8	1700.0
-1668.8	1700.0
-1568.8	1700.0
-1468.8	1700.0
-1368.8	1700.0
-1268.8	1700.0
-1168.8	1700.0
-1068.8	1700.0
-968.8	1700.0
-868.8	1700.0
-768.7999999999998	1700.0
-668.8	1699.9999999999998
-568.7999999999992	1699.9999999999995
-468.7999999999999	1699.9999999999998
-368.8	1700.0
-268.8	1700.0
-168.80050000000003	1700.0000000000002
-68.80149999999998	1700.0
31.1985	1700.0000000000002
131.1995	1700.0000000000002
231.2	1700.0
331.2	1700.0
431.2	1700.0
531.1999999999999	1700.0000000000002
631.2	1699.9999999999998
731.2000000000002	1700.0
831.2000000000002	1700.0
931.2	1700.0
1031.2	1700.0
1131.2	1700.0
1231.2	1700.0
1331.2	1700.0
1431.2	1700.0
1531.2	1700.0
1631.2	1700.0
1731.2	1700.0
1831.2	1700.0
1931.2	1700.0
2031.2	1699.9999999999998
2131.2	1700.0000000000002
2231.2	1700.0
2331.1999999999994	1700.0000000000002
2431.200000000001	1699.9999999999995
2531.2	1700.0000000000002
2631.2	1700.0000000000002
2731.2	1700.0
2831.1999999999994	1700.0
2931.1999999999994	1700.0
3031.1999999999994	1700.0
3131.1999999999994	1700.0
3231.1999999999994	1700.0
3331.1999999999994	1700.0
3431.2	1700.0
3531.2	1700.0
3631.2	1700.0
3731.2	1700.0
3831.2	1700.0
3931.2	1700.0
4031.2	1700.0
4131.2	1700.0
4231.2	1700.0
4331.2	1700.0
4431.2	1700.0
4531.2	1700.0
4631.2	1700.0
4731.2	1700.0
4831.2	1700.0
4931.2	1700.0
5031.2	1700.0
5131.2	1700.0
5231.2	1700.0
5331.2	1700.0
5431.2	1700.0
5531.2	1700.0
5631.2	1700.0
5731.2	1700.0
5831.2	1700.0
5931.2	1700.0
6031.2	1700.0
6131.2	1700.0
6231.2	1700.0
6331.2	1700.0
6431.2	1700.0
6531.2	1700.0
6631.2	1700.0
6731.2	1700.0
6831.2	1700.0
-4568.8	1725.0
-4468.8	1725.0
-4368.8	1725.0
-4268.8	1725.0
-4168.8	1725.0
-4068.8	1725.0
-3968.8	1725.0
-3868.8	1725.0
-3768.8	1725.0
-3668.8	1725.0
-3568.8	1725.0
-3468.8	1725.0
-3368.8000000000006	1725.0
-3268.8000000000006	1725.0
-3168.8000000000006	1725.0
-3068.8000000000006	1725.0
-2968.8000000000006	1725.0
-2868.8000000000006	1725.0
-2768.8000000000006	1725.0
-2668.8	1725.0
-2568.8	1725.0
-2468.8	1725.0
-2368.8	1724.9999999999998
-2268.8	1725.0
-2168.8	1725.0
-2068.8	1725.0
-1968.8	1725.0
-1868.8	1725.0
-1768.8	1725.0
-1668.8	1725.0
-1568.8	1725.0
-1468.8	1725.0
-1368.8	1725.0
-1268.8	1725.0
-1168.8	1725.0
-1068.8	1725.0
-968.8	1725.0
-868.8	1725.0
-768.7999999999998	1725.0
-668.8	1725.0000000000002
-568.8	1725.0000000000002
-468.8	1724.9999999999998
-368.8	1725.0
-268.8	1725.0
-168.80049999999983	1725.0
-68.80150000000008	1724.9999999999998
31.198500000000287	1725.0
131.19949999999994	1725.0000000000002
231.2	1725.0
331.2	1725.0
431.2	1725.0
531.2	1725.0000000000002
631.2000000000008	1725.0
731.2000000000002	1725.0
831.2000000000002	1725.0
931.2	1725.0
1031.2	1725.0
1131.2	1725.0
1231.2	1725.0
1331.2	1725.0
1431.2	1725.0
1531.2	1725.0
1631.2	1725.0
1731.2	1725.0
1831.2	1725.0
1931.2	1725.0
2031.2	1725.0
2131.2	1725.0
2231.2	1725.0
2331.2	1725.0
2431.2	1725.0
2531.2	1725.0
2631.2	1725.0
2731.2	1725.0
2831.1999999999994	1725.0
2931.1999999999994	1725.0
3031.1999999999994	1725.0
3131.1999999999994	1725.0
3231.1999999999994	1725.0
3331.1999999999994	1725.0
3431.2	1725.0
3531.2	1725.0
3631.2	1725.0
3731.2	1725.0
3831.2	1725.0
3931.2	1725.0
4031.2	1725.0
4131.2	1725.0
4231.2	1725.0
4331.2	1725.0
4431.2	1725.0
4531.2	1725.0
4631.2	1725.0
4731.2	1725.0
4831.2	1725.0
4931.2	1725.0
5031.2	1725.0
5131.2	1725.0
5231.2	1725.0
5331.2	1725.0
5431.2	1725.0
5531.2	1725.0
5631.2	1725.0
5731.2	1725.0
5831.2	1725.0
5931.2	1725.0
6031.2	1725.0
6131.2	1725.0
6231.2	1725.0
6331.2	1725.0
6431.2	1725.0
6531.2	1725.0
6631.2	1725.0
6731.2	1725.0
6831.200000000003	1724.9999999999984
-4568.8	1750.0
-4468.8	1750.0
-4368.8	1750.0
-4268.8	1750.0
-4168.8	1750.0
-4068.8	1750.0
-3968.8	1750.0
-3868.8	1750.0
-3768.8	1750.0
-3668.8	1750.0
-3568.8	1750.0
-3468.8	1750.0
-3368.8000000000006	1750.0
-3268.8000000000006	1750.0
-3168.8000000000006	1750.0
-3068.8000000000006	1750.0
-2968.8000000000006	1750.0
-2868.8000000000006	1750.0
-2768.8000000000006	1750.0
-2668.8	1750.0
-2568.8	1750.0
-2468.8	1750.0
-2368.800000000001	1749.9999999999993
-2268.8	1750.0
-2168.8	1750.0
-2068.8000000000006	1750.0000000000002
-1968.8	1750.0
-1868.8	1750.0
-1768.8	1750.0
-1668.8	1750.0
-1568.8	1750.0
-1468.8	1750.0
-1368.8	1750.0
-1268.8	1750.0
-1168.8	1750.0
-1068.8	1750.0
-968.8	1750.0
-868.8	1750.0
-768.7999999999998	1750.0
-668.8	1750.0
-568.7999999999992	1750.0
-468.79999999999984	1750.0
-368.8	1750.0
-268.8	1750.0
-168.80050000000003	1750.0000000000002
-68.80150000000006	1750.0000000000002
31.19850000000019	1750.0
131.19949999999994	1750.0000000000002
231.2	1750.0
331.2	1750.0
431.2	1750.0
531.1999999999999	1750.0000000000002
631.1999999999997	1749.9999999999998
731.2000000000002	1750.0
831.2000000000002	1750.0
931.2	1750.0
1031.2	1750.0
1131.2	1750.0
1231.2	1750.0
1331.2	1750.0
1431.2	1750.0
1531.2	1750.0
1631.2	1750.0
1731.2	1750.0
1831.2	1750.0
1931.2	1750.0
2031.1999999999998	1750.0000000000002
2131.2	1750.0
2231.2	1750.0
2331.199999999997	1749.9999999999993
2431.199999999998	1749.9999999999998
2531.2	1750.0
2631.2	1750.0
2731.2	1750.0
2831.1999999999994	1750.0
2931.1999999999994	1750.0
3031.1999999999994	1750.0
3131.1999999999994	1750.0
3231.1999999999994	1750.0
3331.1999999999994	1750.0
3431.2	1750.0
3531.2	1750.0
3631.2	1750.0
3731.2	1750.0
3831.2	1750.0
3931.2	1750.0
4031.2	1750.0
4131.2	1750.0
4231.2	1750.0
4331.2	1750.0
4431.2	1750.0
4531.2	1750.0
4631.2	1750.0
4731.2	1750.0
4831.2	1750.0
4931.2	1750.0
5031.2	1750.0
5131.2	1750.0
5231.2	1750.0
5331.2	1750.0
5431.2	1750.0
5531.2	1750.0
5631.2	1750.0
5731.2	1750.0
5831.2	1750.0
5931.2	1750.0
6031.2	1750.0
6131.2	1750.0
6231.2	1750.0
6331.2	1750.0
6431.2	1750.0
6531.2	1750.0
6631.2	1750.0
6731.2	1750.0
6831.2	1750.0
-4568.8	1775.0
-4468.8	1775.0
-4368.8	1775.0
-4268.8	1775.0
-4168.8	1775.0
-4068.8	1775.0
-3968.8	1775.0
-3868.8	1775.0
-3768.8	1775.0
-3668.8	1775.0
-3568.8	1775.0
-3468.8	1775.0
-3368.8000000000006	1775.0
-3268.8000000000006	1775.0
-3168.8000000000006	1775.0
-3068.8000000000006	1775.0
-2968.8000000000006	1775.0
-2868.8000000000006	1775.0
-2768.8000000000006	1775.0
-2668.8	1775.0
-2568.8	1775.0
-2468.8	1775.0
-2368.8	1774.9999999999998
-2268.8000000000006	1775.0
-2168.8	1775.0
-2068.8	1775.0
-1968.8	1775.0
-1868.8	1775.0
-1768.8	1775.0
-1668.8	1775.0
-1568.8	1775.0
-1468.8	1775.0
-1368.8	1775.0
-1268.8	1775.0
-1168.8	1775.0
-1068.8	1775.0
-968.8	1775.0
-868.8	1775.0
-768.7999999999998	1775.0
-668.8	1775.0
-568.8	1775.0
-468.8	1775.0
-368.8	1775.0
-268.8	1775.0
-168.80049999999983	1775.0000000000002
-68.8015	1775.0
31.198500000000042	1775.0000000000005
131.19949999999994	1775.0
231.2	1775.0
331.2	1775.0
431.2	1775.0
531.2000000000002	1775.0
631.2	1775.0
731.2000000000002	1775.0
831.2000000000002	1775.0
931.2	1775.0
1031.2	1775.0
1131.2	1775.0
1231.2	1775.0
1331.2	1775.0
1431.2	1775.0
1531.2	1775.0
1631.2	1775.0
1731.2	1775.0
1831.2	1775.0
1931.2	1775.0
2031.1999999999994	1775.0000000000002
2131.2	1775.0
2231.2	1775.0
2331.199999999997	1774.9999999999993
2431.2	1775.0
2531.2	1775.0
2631.2	1775.0
2731.2	1775.0
2831.1999999999994	1775.0
2931.1999999999994	1775.0
3031.1999999999994	1775.0
3131.1999999999994	1775.0
3231.1999999999994	1775.0
3331.1999999999994	1775.0
3431.2	1775.0
3531.2	1775.0
3631.2	1775.0
3731.2	1775.0
3831.2	1775.0
3931.2	1775.0
4031.2	1775.0
4131.2	1775.0
4231.2	1775.0
4331.2	1775.0
4431.2	1775.0
4531.2	1775.0
4631.2	1775.0
4731.2	1775.0
4831.2	1775.0
4931.2	1775.0
5031.2	1775.0
5131.2	1775.0
5231.2	1775.0
5331.2	1775.0
5431.2	1775.0
5531.2	1775.0
5631.2	1775.0
5731.2	1775.0
5831.2	1775.0
5931.2	1775.0
6031.2	1775.0
6131.2	1775.0
6231.2	1775.0
6331.2	1775.0
6431.2	1775.0
6531.2	1775.0
6631.2	1775.0
6731.2	1775.0
6831.2	1775.0
-4568.8	1800.0
-4468.8	1800.0
-4368.8	1800.0
-4268.8	1800.0
-4168.8	1800.0
-4068.8	1800.0
-3968.8	1800.0
-3868.8	1800.0
-3768.8	1800.0
-3668.8	1800.0
-3568.8	1800.0
-3468.8	1800.0
-3368.8000000000006	1800.0
-3268.8000000000006	1800.0
-3168.8000000000006	1800.0
-3068.8000000000006	1800.0
-2968.8000000000006	1800.0
-2868.8000000000006	1800.0
-2768.8000000000006	1800.0
-2668.8	1800.0
-2568.8	1800.0
-2468.8	1800.0
-2368.8000000000015	1799.9999999999995
-2268.799999999999	1799.9999999999995
-2168.8	1800.0
-2068.8	1800.0
-1968.8	1800.0
-1868.8	1800.0
-1768.8	1800.0
-1668.8	1800.0
-1568.8	1800.0
-1468.8	1800.0
-1368.8	1800.0
-1268.8	1800.0
-1168.8	1800.0
-1068.8	1800.0
-968.8	1800.0
-868.8	1800.0
-768.7999999999998	1800.0
-668.8	1800.0
-568.8000000000008	1800.0
-468.8	1800.0
-368.8	1800.0
-268.8	1800.0
-168.80049999999983	1800.0
-68.8014999999999	1800.0
31.198500000000042	1800.0
131.19950000000014	1800.0
231.2	1800.0
331.2	1800.0
431.2	1800.0
531.2000000000002	1800.0
631.2000000000005	1800.0
731.2000000000002	1800.0
831.2000000000002	1800.0
931.2	1800.0
1031.2	1800.0
1131.2	1800.0
1231.2	1800.0
1331.2	1800.0
1431.2	1800.0
1531.2	1800.0
1631.2	1800.0
1731.2	1800.0
1831.2	1800.0
1931.2	1800.0
2031.2	1800.0
2131.2	1800.0
2231.2	1800.0
2331.2	1800.0
2431.2	1800.0
2531.2	1800.0
2631.2	1800.0
2731.2	1800.0
2831.1999999999994	1800.0
2931.1999999999994	1800.0
3031.1999999999994	1800.0
3131.1999999999994	1800.0
3231.1999999999994	1800.0
3331.1999999999994	1800.0
3431.2	1800.0
3531.2	1800.0
3631.2	1800.0
3731.2	1800.0
3831.2	1800.0
3931.2	1800.0
4031.2	1800.0
4131.2	1800.0
4231.2	1800.0
4331.2	1800.0
4431.2	1800.0
4531.2	1800.0
4631.2	1800.0
4731.2	1800.0
4831.2	1800.0
4931.2	1800.0
5031.2	1800.0
5131.2	1800.0
5231.2	1800.0
5331.2	1800.0
5431.2	1800.0
5531.2	1800.0
5631.2	1800.0
5731.2	1800.0
5831.2	1800.0
5931.2	1800.0
6031.2	1800.0
6131.2	1800.0
6231.2	1800.0
6331.2	1800.0
6431.2	1800.0
6531.2	1800.0
6631.2	1800.0
6731.2	1800.0
6831.2	1800.0
-4568.8	1825.0
-4468.8	1825.0
-4368.8	1825.0
-4268.8	1825.0
-4168.8	1825.0
-4068.8	1825.0
-3968.8	1825.0
-3868.8	1825.0
-3768.8	1825.0
-3668.8	1825.0
-3568.8	1825.0
-3468.8	1825.0
-3368.8000000000006	1825.0
-3268.8000000000006	1825.0
-3168.8000000000006	1825.0
-3068.8000000000006	1825.0
-2968.8000000000006	1825.0
-2868.8000000000006	1825.0
-2768.8000000000006	1825.0
-2668.8	1825.0
-2568.8	1825.0
-2468.8	1825.0
-2368.7999999999997	1825.0
-2268.799999999999	1825.0000000000005
-2168.8	1825.0
-2068.8	1825.0
-1968.8	1825.0
-1868.8	1825.0
-1768.8	1825.0
-1668.8	1825.0
-1568.8	1825.0
-1468.8	1825.0
-1368.8	1825.0
-1268.8	1825.0
-1168.8	1825.0
-1068.8	1825.0
-968.8	1825.0
-868.8	1825.0
-768.7999999999998	1825.0
-668.8	1825.0
-568.8	1825.0
-468.8	1825.0
-368.8	1825.0
-268.8	1825.0
-168.80050000000003	1824.9999999999998
-68.80149999999996	1824.9999999999995
31.198499999999996	1825.0000000000002
131.1995	1824.9999999999998
231.2	1825.0
331.2	1825.0
431.2	1825.0
531.1999999999992	1825.0
631.2	1825.0
731.2000000000002	1825.0
831.2000000000002	1825.0
931.2	1825.0
1031.2	1825.0
1131.2	1825.0
1231.2	1825.0
1331.2	1825.0
1431.2	1825.0
1531.2	1825.0
1631.2	1825.0
1731.2	1825.0
1831.2	1825.0
1931.2	1825.0
2031.1999999999998	1825.0
2131.2	1825.0
2231.2	1825.0
2331.1999999999985	1825.0000000000005
2431.2	1825.0
2531.2	1825.0
2631.2	1825.0
2731.2	1825.0
2831.1999999999994	1825.0
2931.1999999999994	1825.0
3031.1999999999994	1825.0
3131.1999999999994	1825.0
3231.1999999999994	1825.0
3331.1999999999994	1825.0
3431.2	1825.0
3531.2	1825.0
3631.2	1825.0
3731.2	1825.0
3831.2	1825.0
3931.2	1825.0
4031.2	1825.0
4131.2	1825.0
4231.2	1825.0
4331.2	1825.0
4431.2	1825.0
4531.2	1825.0
4631.2	1825.0
4731.2	1825.0
4831.2	1825.0
4931.2	1825.0
5031.2	1825.0
5131.2	1825.0
5231.2	1825.0
5331.2	1825.0
5431.2	1825.0
5531.2	1825.0
5631.2	1825.0
5731.2	1825.0
5831.2	1825.0
5931.2	1825.0
6031.2	1825.0
6131.2	1825.0
6231.2	1825.0
6331.2	1825.0
6431.2	1825.0
6531.2	1825.0
-4568.8	1850.0
-4468.8	1850.0
-4368.8	1850.0
-4268.8	1850.0
-4168.8	1850.0
-4068.8	1850.0
-3968.8	1850.0
-3868.8	1850.0
-3768.8	1850.0
-3668.8	1850.0
-3568.8	1850.0
-3468.8	1850.0
-3368.8000000000006	1850.0
-3268.8000000000006	1850.0
-3168.8000000000006	1850.0
-3068.8000000000006	1850.0
-2968.8000000000006	1850.0
-2868.8000000000006	1850.0
-2768.8000000000006	1850.0
-2668.8	1850.0
-2568.8	1850.0000000000002
-2468.8	1850.0000000000002
-2368.8	1850.0000000000002
-2268.8	1850.0
-2168.8	1850.0
-2068.8	1850.0
-1968.8	1850.0
-1868.8	1850.0
-1768.8	1850.0
-1668.8	1850.0
-1568.8	1850.0
-1468.8	1850.0
-1368.8	1850.0
-1268.8	1850.0
-1168.8	1850.0
-1068.8	1850.0
-968.8	1850.0
-868.8	1850.0
-768.7999999999998	1850.0
-668.8	1850.0
-568.8	1850.0
-468.8	1850.0
-368.8	1850.0
-268.8	1850.0
-168.80050000000006	1850.0
-68.80150000000008	1849.9999999999998
31.19850000000039	1849.9999999999998
131.19950000000003	1850.0
231.2	1850.0
331.2	1850.0
431.2	1850.0
531.2000000000005	1849.9999999999998
631.2	1850.0
731.2000000000002	1850.0
831.2000000000002	1850.0
931.2	1850.0
1031.2	1850.0
1131.2	1850.0
1231.2	1850.0
1331.2	1850.0
1431.2	1850.0
1531.2	1850.0
1631.2	1850.0
1731.2	1850.0
1831.2	1850.0
1931.2	1850.0
2031.2	1849.9999999999998
2131.2	1850.0
2231.2000000000003	1850.0
2331.200000000001	1849.9999999999995
2431.2	1850.0
2531.2	1850.0
2631.2	1850.0
2731.2	1850.0
2831.1999999999994	1850.0
2931.1999999999994	1850.0
3031.1999999999994	1850.0
3131.1999999999994	1850.0
3231.1999999999994	1850.0
3331.1999999999994	1850.0
3431.2	1850.0
3531.2	1850.0
3631.2	1850.0
3731.2	1850.0
3831.2	1850.0
3931.2	1850.0
4031.2	1850.0
4131.2	1850.0
4231.2	1850.0
4331.2	1850.0
4431.2	1850.0
4531.2	1850.0
4631.2	1850.0
4731.2	1850.0
4831.2	1850.0
4931.2	1850.0
5031.2	1850.0
5131.2	1850.0
5231.2	1850.0
5331.2	1850.0
-4568.8	1875.0
-4468.8	1875.0
-4368.8	1875.0
-4268.8	1875.0
-4168.8	1875.0
-4068.8	1875.0
-3968.8	1875.0
-3868.8	1875.0
-3768.8	1875.0
-3668.8	1875.0
-3568.8	1875.0
-3468.8	1875.0
-3368.8000000000006	1875.0
-3268.8000000000006	1875.0
-3168.8000000000006	1875.0
-3068.8000000000006	1875.0
-2968.8000000000006	1875.0
-2868.8000000000006	1875.0
-2768.8000000000006	1875.0
-2668.8	1874.9999999999998
-2568.8	1875.0
-2468.8	1875.0000000000002
-2368.8	1875.0
-2268.7999999999984	1875.0000000000002
-2168.8	1875.0
-2068.8	1874.9999999999998
-1968.8	1875.0
-1868.8	1875.0
-1768.8	1875.0
-1668.8	1875.0
-1568.8	1875.0
-1468.8	1875.0
-1368.8	1875.0
-1268.8	1875.0
-1168.8	1875.0
-1068.8	1875.0
-968.8	1875.0
-868.8	1875.0
-768.7999999999998	1875.0
-668.8	1875.0
-568.7999999999992	1875.0
-468.8	1875.0
-368.8	1875.0
-268.8	1875.0
-168.80050000000003	1875.0
-68.80149999999999	1874.9999999999998
31.198499999999942	1874.9999999999998
131.19950000000009	1875.0000000000002
231.2	1875.0
331.2	1875.0
431.2	1875.0
531.2	1875.0000000000002
631.2	1875.0
731.2000000000002	1875.0
831.2000000000002	1875.0
931.2	1875.0
1031.2	1875.0
1131.2	1875.0
1231.2	1875.0
1331.2	1875.0
1431.2	1875.0
1531.2	1875.0
1631.2	1875.0
1731.2	1875.0
1831.2	1875.0
1931.2	1875.0
2031.1999999999998	1875.0000000000002
2131.2	1875.0
2231.200000000003	1875.0000000000007
2331.1999999999994	1874.9999999999998
2431.2	1875.0
2531.2	1874.9999999999998
2631.2	1875.0
2731.2	1875.0
2831.1999999999994	1875.0
2931.1999999999994	1875.0
3031.1999999999994	1875.0
3131.1999999999994	1875.0
3231.1999999999994	1875.0
3331.1999999999994	1875.0
3431.2	1875.0
3531.2	1875.0
3631.2	1875.0
3731.2	1875.0
3831.2	1875.0
3931.2	1875.0
4031.2	1875.0
4131.2	1875.0
4231.2	1875.0
4331.2	1875.0
4431.2	1875.0
4531.2	1875.0
4631.2	1875.0
-4568.8	1900.0
-4468.8	1900.0
-4368.8	1900.0
-4268.8	1900.0
-4168.8	1900.0
-4068.8	1900.0
-3968.8	1900.0
-3868.8	1900.0
-3768.8	1900.0
-3668.8	1900.0
-3568.8	1900.0
-3468.8	1900.0
-3368.8000000000006	1900.0
-3268.8000000000006	1900.0
-3168.8000000000006	1900.0
-3068.8000000000006	1900.0
-2968.8000000000006	1900.0
-2868.8000000000006	1900.0
-2768.8000000000006	1900.0
-2668.8	1900.0
-2568.8	1900.0
-2468.7999999999997	1899.9999999999998
-2368.8	1900.0
-2268.8	1900.0
-2168.800000000002	1900.0000000000005
-2068.8	1899.9999999999998
-1968.8	1900.0
-1868.8	1900.0
-1768.8	1900.0
-1668.8	1900.0
-1568.8	1900.0
-1468.8	1900.0
-1368.8	1900.0
-1268.8	1900.0
-1168.8	1900.0
-1068.8	1900.0
-968.8	1900.0
-868.8	1900.0
-768.7999999999998	1900.0
-668.8	1900.0
-568.8	1900.0000000000002
-468.8	1900.0
-368.8	1900.0
-268.8	1900.0
-168.80050000000003	1900.0
-68.8014999999998	1900.0
31.19850000000019	1900.0
131.1995	1899.9999999999998
231.2	1900.0
331.2	1900.0
431.2	1900.0
531.2	1900.0000000000002
631.2	1900.0
731.2000000000002	1900.0
831.2000000000002	1900.0
931.2	1900.0
1031.2	1900.0
1131.2	1900.0
1231.2	1900.0
1331.2	1900.0
1431.2	1900.0
1531.2	1900.0
1631.2	1900.0
1731.2	1900.0
1831.2	1900.0
1931.2	1900.0
2031.2000000000003	1900.0000000000002
2131.2	1899.9999999999998
2231.2000000000003	1900.0
2331.1999999999994	1900.0000000000002
2431.2	1900.0
2531.2	1899.9999999999998
2631.2	1900.0
2731.2	1900.0
2831.1999999999994	1900.0
2931.1999999999994	1900.0
3031.1999999999994	1900.0
3131.1999999999994	1900.0
3231.1999999999994	1900.0
3331.1999999999994	1900.0
3431.2	1900.0
3531.2	1900.0
-4568.8	1925.0
-4468.8	1925.0
-4368.8	1925.0
-4268.8	1925.0
-4168.8	1925.0
-4068.8	1925.0
-3968.8	1925.0
-3868.8	1925.0
-3768.8	1925.0
-3668.8	1925.0
-3568.8	1925.0
-3468.8	1925.0
-3368.8000000000006	1925.0
-3268.8000000000006	1925.0
-3168.8000000000006	1925.0
-3068.8000000000006	1925.0
-2968.8000000000006	1925.0
-2868.8000000000006	1925.0
-2768.8000000000006	1925.0
-2668.8	1924.9999999999998
-2568.8	1925.0
-2468.8	1925.0000000000002
-2368.8	1925.0
-2268.8	1925.0
-2168.8	1925.0000000000002
-2068.8	1925.0000000000002
-1968.8	1925.0
-1868.8	1925.0
-1768.8	1925.0
-1668.8	1925.0
-1568.8	1925.0
-1468.8	1925.0
-1368.8	1925.0
-1268.8	1925.0
-1168.8	1925.0
-1068.8	1925.0
-968.8	1925.0
-868.8	1925.0
-768.7999999999998	1925.0
-668.8	1925.0
-568.8	1924.9999999999998
-468.8	1925.0
-368.8	1925.0
-268.8	1925.0
-168.80049999999983	1925.0
-68.80149999999998	1925.0
31.198500000000013	1925.0000000000005
131.1995	1925.0
231.2	1925.0
331.2	1925.0
431.2	1925.0
531.2	1924.9999999999998
631.2	1925.0
731.2000000000002	1925.0
831.2000000000002	1925.0
931.2	1925.0
1031.2	1925.0
1131.2	1925.0
1231.2	1925.0
1331.2	1925.0
1431.2	1925.0
1531.2	1925.0
1631.2	1925.0
1731.2	1925.0
1831.2	1925.0
1931.2	1925.0
2031.1999999999998	1925.0
2131.2	1925.0
2231.1999999999985	1924.9999999999995
2331.2	1925.0
2431.2	1925.0
2531.2	1925.0
2631.2	1925.0
-4568.8	1950.0
-4468.8	1950.0
-4368.8	1950.0
-4268.8	1950.0
-4168.8	1950.0
-4068.8	1950.0
-3968.8	1950.0
-3868.8	1950.0
-3768.8	1950.0
-3668.8	1950.0
-3568.8	1950.0
-3468.8	1950.0
-3368.8000000000006	1950.0
-3268.8000000000006	1950.0
-3168.8000000000006	1950.0
-3068.8000000000006	1950.0
-2968.8000000000006	1950.0
-2868.8000000000006	1950.0
-2768.8000000000006	1950.0
-2668.8	1949.9999999999998
-2568.8	1950.0
-2468.8	1950.0
-2368.7999999999997	1949.9999999999998
-2268.8	1950.0
-2168.8000000000034	1949.9999999999993
-2068.8	1950.0000000000002
-1968.8	1950.0
-1868.8	1950.0
-1768.8	1950.0
-1668.8	1950.0
-1568.8	1950.0
-1468.8	1950.0
-1368.8	1950.0
-1268.8	1950.0
-1168.8	1950.0
-1068.8	1950.0
-968.8	1950.0
-868.8	1950.0
-768.7999999999998	1950.0
-668.8	1950.0
-568.7999999999992	1950.0
-468.8	1950.0
-368.8	1950.0
-268.8	1950.0
-168.80049999999994	1950.0
-68.8014999999999	1950.0
31.198500000000042	1950.0000000000002
131.19950000000009	1950.0
231.2	1950.0
331.2	1950.0
431.2	1950.0
531.1999999999992	1950.0
631.2	1950.0
731.2000000000002	1950.0
831.2000000000002	1950.0
931.2	1950.0
1031.2	1950.0
1131.2	1950.0
1231.2	1950.0
1331.2	1950.0
1431.2	1950.0
1531.2	1950.0
1631.2	1950.0
-4568.8	1975.0
-4468.8	1975.0
-4368.8	1975.0
-4268.8	1975.0
-4168.8	1975.0
-4068.8	1975.0
-3968.8	1975.0
-3868.8	1975.0
-3768.8	1975.0
-3668.8	1975.0
-3568.8	1975.0
-3468.8	1975.0
-3368.8000000000006	1975.0
-3268.8000000000006	1975.0
-3168.8000000000006	1975.0
-3068.8000000000006	1975.0
-2968.8000000000006	1975.0
-2868.8000000000006	1975.0
-2768.8000000000006	1975.0
-2668.8	1975.0
-2568.8	1975.0
-2468.8	1975.0
-2368.7999999999997	1975.0
-2268.8	1975.0
-2168.8	1975.0000000000002
-2068.799999999999	1974.9999999999995
-1968.8	1975.0
-1868.8	1975.0
-1768.8	1975.0
-1668.8	1975.0
-1568.8	1975.0
-1468.8	1975.0
-1368.8	1975.0
-1268.8	1975.0
-1168.8	1975.0
-1068.8	1975.0
-968.8	1975.0
-868.8	1975.0
-768.7999999999998	1975.0
-668.8	1975.0
-568.8	1975.0
-468.8	1975.0
-368.8	1975.0
-268.8	1975.0
-168.80050000000006	1975.0
-68.80150000000008	1975.0
31.198500000000095	1974.9999999999998
131.19949999999992	1975.0000000000002
231.2	1975.0
331.2	1975.0
431.2	1975.0
531.2000000000005	1975.0000000000002
631.2	1975.0
731.2000000000002	1975.0
831.2000000000002	1975.0
-4568.8	2000.0
-4468.8	2000.0
-4368.8	2000.0
-4268.8	2000.0
-4168.8	2000.0
-4068.8	2000.0
-3968.8	2000.0
-3868.8	2000.0
-3768.8	2000.0
-3668.8	2000.0
-3568.8	2000.0
-3468.8	2000.0
-3368.8000000000006	2000.0
-3268.8000000000006	2000.0
-3168.8000000000006	2000.0
-3068.8000000000006	2000.0
-2968.8000000000006	2000.0
-2868.8000000000006	2000.0
-2768.8000000000006	2000.0
-2668.8	2000.0
-2568.8	2000.0
-2468.8	2000.0
-2368.8	2000.0
-2268.8	2000.0
-2168.8	2000.0
-2068.8	2000.0
-1968.8	2000.0
-1868.8	2000.0
-1768.8	2000.0
-1668.8	2000.0
-1568.8	2000.0
-1468.8	2000.0
-1368.8	2000.0
-1268.8	2000.0
-1168.8	2000.0
-1068.8	2000.0
-968.8	2000.0
-868.8	2000.0
-768.7999999999998	2000.0
-668.8	2000.0
-568.8000000000008	2000.0
-468.8	2000.0
-368.8	2000.0
-268.8	2000.0
-168.8005	1999.9999999999998
-4568.8	2025.0
-4468.8	2025.0
-4368.8	2025.0
-4268.8	2025.0
-4168.8	2025.0
-4068.8	2025.0
-3968.8	2025.0
-3868.8	2025.0
-3768.8	2025.0
-3668.8	2025.0
-3568.8	2025.0
-3468.8	2025.0
-3368.8000000000006	2025.0
-3268.8000000000006	2025.0
-3168.8000000000006	2025.0
-3068.8000000000006	2025.0
-2968.8000000000006	2025.0
-2868.8000000000006	2025.0
-2768.8000000000006	2025.0
-2668.8	2025.0
-2568.8	2025.0
-2468.8	2025.0
-2368.7999999999997	2025.0
-2268.8	2025.0
-2168.8	2025.0
-2068.799999999999	2025.0000000000005
-1968.8	2025.0
-1868.8	2025.0
-1768.8	2025.0
-1668.8	2025.0
-1568.8	2025.0
-4568.8	2050.0
-4468.8	2050.0
-4368.8	2050.0
-4268.8	2050.0
-4168.8	2050.0
-4068.8	2050.0
-3968.8	2050.0
-3868.8	2050.0
-3768.8	2050.0
-3668.8	2050.0
-3568.8	2050.0
-3468.8	2050.0
-3368.8000000000006	2050.0
-4568.8	2075.0
-4468.8	2075.0
-4368.8	2075.0
-4268.8	2075.0
-4733.899999999999	1612.4999999999998
7021.049999999999	1645.4545454545453
-6391.763636363634	2012.5000000000005
8370.05	1615.624999999999
10590.349999999999	1237.5000000000002
-5194.299999999999	1862.4999999999998
-4964.099999999999	1762.4999999999998
-4964.099999999999	1562.4999999999998
-5884.9	1912.5000000000002
-5194.299999999998	2062.5
-5424.499999999999	2012.5
-4733.899999999999	1962.5
-4733.9	1512.5
-5194.299999999999	1562.5
-5194.3	2012.5
-4733.9	1562.5
-5884.899999999997	1612.4999999999995
-5424.500000000001	1562.4999999999998
-5884.899999999997	1512.4999999999995
-5194.299999999999	1512.5000000000002
-4733.9	1662.5
-5194.300000000001	1812.5000000000002
-4964.1	1662.5
-4733.900000000001	1712.5
-4733.9	1912.4999999999998
-4964.099999999999	1962.5
-5884.899999999999	1962.5000000000002
-5654.699999999999	1562.4999999999998
-5194.3	1762.5000000000002
-5884.899999999999	1862.4999999999998
-5424.4999999999945	1962.499999999999
-5654.7	1862.5000000000002
-5194.3	1912.5000000000002
-4964.099999999999	1812.5000000000002
-4964.099999999999	2062.5000000000005
-4733.9	1812.4999999999998
-4733.900000000001	2062.4999999999995
-5424.500000000002	1512.4999999999993
-4964.099999999999	1512.5
-5654.699999999999	1512.5000000000002
-5884.9	1562.4999999999998
-5424.499999999999	1612.4999999999998
-5884.9	1662.5
-4964.099999999999	1612.5000000000002
-4964.099999999999	1712.5000000000002
-5654.699999999999	1662.5
-5654.699999999999	1612.5
-5424.499999999999	1662.5
-5194.299999999998	1612.4999999999998
-5194.299999999999	1712.4999999999998
-5194.3	1662.5
-5424.499999999997	1712.4999999999993
-5884.899999999998	1712.5
-5884.899999999998	1762.4999999999998
-5654.699999999999	1712.5000000000002
-5424.499999999999	1762.4999999999998
-5884.899999999999	1812.4999999999998
-4733.9	1762.5
-5654.699999999999	1762.5000000000002
-5424.5	1812.5
-5654.699999999999	1812.5
-4733.9	1862.5
-4964.0999999999985	1862.5000000000002
-4733.899999999999	2012.5000000000002
-4964.099999999999	1912.5
-5424.500000000002	1862.5000000000005
-5654.699999999999	1912.5000000000002
-5424.499999999996	1912.4999999999995
-5654.7	1962.4999999999998
-5194.3	1962.5000000000002
-5884.9	2012.5000000000005
-4964.0999999999985	2012.4999999999998
-5654.699999999999	2012.5
-5654.699999999997	2062.4999999999995
-5884.899999999998	2062.5
-5424.500000000002	2062.5000000000005
7021.05	1597.7272727272732
7020.783619047617	1312.3582251082253
7580.449999999997	1454.5454545454543
7301.035991820043	1740.199154117866
7860.150000000001	1549.9999999999998
7580.177387914227	1788.2099503810025
7859.874161735701	1788.4940380132687
7300.750000000001	1454.5454545454543
7860.429141716573	1740.767328978408
7860.149999999997	1693.1818181818187
7021.050000000002	1693.1818181818176
7021.05	1454.5454545454543
7021.339544513458	1360.0849331827594
7021.050000000002	1502.2727272727261
7301.03599182004	1359.8008458821337
7580.732525252524	1740.4832415059689
7860.149999999998	1502.2727272727273
7580.732525252526	1359.516758494031
7300.480539499037	1787.9258626729732
7021.33954451345	1739.9150668172404
7020.783619047623	1787.6417748917754
7580.449999999999	1645.4545454545453
7580.449999999996	1693.181818181819
7860.149999999998	1645.4545454545455
7300.750000000002	1693.181818181818
7580.449999999999	1597.7272727272723
7860.150000000001	1597.7272727272725
7300.75	1597.7272727272725
7300.750000000002	1645.4545454545457
7300.75	1502.2727272727277
7021.05	1550.0000000000005
7580.4500000000035	1549.9999999999993
7300.75	1550.0
7580.450000000002	1502.2727272727277
7580.449999999999	1406.818181818182
7860.149999999999	1454.5454545454545
7860.15	1406.8181818181827
7021.050000000003	1406.8181818181813
7300.750000000002	1406.8181818181815
7860.42914171657	1359.2326710215928
7300.480539499037	1312.0741373270273
7580.177387914227	1311.7900496189975
7859.8741617357	1311.505961986731
-7175.290909090906	2012.4999999999995
-7958.81818181818	1862.5
-7175.290909090909	1562.4999999999998
-11092.927272727278	2012.5000000000002
-8742.345454545452	1562.5
-6391.763636363634	1562.4999999999995
-11092.927272727278	1562.5000000000002
-14227.036363636364	1862.5000000000002
-8742.345454545453	2012.5
-10309.400000000001	1562.5000000000002
-9525.872727272723	1562.4999999999998
-6391.763636363636	1712.4999999999995
-8742.345454545453	1712.5
-11092.927272727278	1712.5000000000002
-10309.400000000001	1712.5000000000002
-11092.927272727278	1862.5000000000002
-14227.036363636365	1562.4999999999998
-7175.290909090909	1712.5000000000002
-11876.454545454544	2012.4999999999995
-7958.81818181818	2012.5
-13443.50909090909	2012.5
-14227.036363636364	1712.4999999999993
-9525.872727272726	1862.5000000000005
-13443.509090909089	1562.4999999999998
-11876.454545454546	1562.5000000000002
-9525.872727272725	1712.4999999999995
-7958.81818181818	1712.5
-12659.981818181817	2012.5
-10309.400000000001	1862.4999999999998
-7958.81818181818	1562.5
-12659.981818181814	1562.4999999999998
-13443.50909090909	1862.5000000000002
-6391.763636363636	1862.5000000000002
-12659.981818181815	1712.5000000000005
-11876.454545454546	1712.4999999999998
-8742.345454545453	1862.4999999999998
-9525.872727272725	2012.5000000000002
-13443.509090909089	1712.5
-11876.454545454542	1862.4999999999998
-10309.4	2012.5
-7175.290909090907	1862.4999999999998
-12659.981818181812	1862.4999999999998
-14227.036363636365	2012.5
14290.85	1615.6250000000002
14290.85	1484.3750000000002
15771.05	1353.1250000000002
12810.650000000001	1746.875
13550.75	1484.375
13550.749999999998	1746.875
13550.750000000002	1615.6249999999995
9110.15	1746.8750000000002
15030.95	1615.6250000000002
15030.949999999999	1484.375
15030.95	1746.875
12810.650000000001	1615.6250000000002
15771.05	1484.375
15771.05	1615.6250000000002
16511.15	1746.875
13550.749999999998	1353.1250000000002
10590.35	1615.625
15771.05	1746.875
11330.449999999999	1615.6250000000002
8370.05	1746.875
12070.55	1746.875
9850.249999999998	1746.8749999999998
16511.15	1615.625
14290.85	1746.875
11330.45	1746.875
11330.450000000003	1353.1249999999998
12070.55	1615.625
10590.35	1746.875
9110.15	1353.1249999999998
9850.250000000002	1615.6250000000002
9110.15	1615.625
10590.349999999997	1484.3749999999998
9110.15	1484.3749999999995
12070.55	1484.375
12810.65	1484.3750000000002
8370.05	1484.3749999999995
16511.15	1484.375
9850.250000000002	1484.3749999999995
11330.450000000003	1484.3750000000002
10590.35	1353.125
12070.550000000001	1353.1249999999998
14290.85	1353.125
12810.65	1353.125
16511.15	1353.1250000000002
8370.05	1353.125
15030.950000000003	1353.1250000000002
9850.25	1353.1249999999998
7580.449999999999	1262.5000000000002
7021.05	1212.5000000000002
7300.750000000001	1262.5
7021.05	1262.4999999999998
7860.15	1262.5000000000002
7300.750000000001	1212.5
7860.149999999999	1212.5
7580.45	1212.5
8370.05	1237.5000000000002
13550.75	1237.5000000000002
12810.649999999998	1237.4999999999998
15030.95	1237.5
9850.25	1237.5000000000005
15771.05	1237.5
9110.150000000001	1237.5
16511.149999999998	1237.5000000000002
14290.85	1237.5000000000002
11330.449999999999	1237.5000000000002
12070.55	1237.5
