0.7395723444500919
0.7299742856995556
0.7299742856995556
0.7419390777291989
0.7419390777291989
0.7505083948513462
0.7355988996981799
0.7474118078864233
0.7363965022766424
0.7347998295888469
0.7339992865383869
0.7323937598229685
0.7323937598229685
0.7339992865383869
0.7347998295888469
0.7226339225338123
0.7209857441537391
0.7218106152125465
0.7226339225338123
0.724275869600789
0.7435097647284298
0.7993405494535817
0.9576072870600952
0.9921114877869497
0.9299295600845878
0.9299295600845878
0.8142475957319202
0.7641761323903307
0.829303772831025
0.761927838420529
0.7481880270062004
0.7505083948513462
0.7810369386211319
0.7810369386211319
0.7458551951737289
0.7275412570285564
0.7109631189952758
0.7109631189952758
0.7101173651118162
0.7118072290411911
0.7118072290411911
0.7126497016272114
0.7126497016272114
0.7126497016272114
0.714329759745233
0.7160033436347992
0.7193312869837266
0.725094521081469
0.7193312869837266
0.7160033436347992
0.7846172926328754
1.1192558892779367
1.1389339402569236
1.127428777851599
1.127428777851599
1.1577588860468637
1.1571544399062814
1.0166155475571774
0.8363241157067517
0.7979596437371962
0.8518696007297664
0.8998205024270963
0.8998205024270963
0.7831886910752576
0.7355988996981799
0.7032913781186614
0.7032913781186614
0.7032913781186614
0.705007959333336
0.705007959333336
0.7067177823367587
0.7067177823367587
0.7067177823367587
0.7075701760979364
0.7067177823367587
0.7067177823367587
0.705007959333336
0.705007959333336
0.7041505168397991
0.7032913781186614
0.7234556720351858
0.7715874808812554
0.8344207036815325
1.0503797562614579
1.1370374547895128
1.0937717814987298
1.1338581252033346
1.1417632302757879
1.1300119496719043
1.1300119496719043
1.14921911265538
1.147985320683805
1.1322596895310446
1.1427022457376157
1.1489109931093564
1.1405080430381795
1.1335389083702174
1.1335389083702174
1.146128035678238
1.1486026548060935
0.6946051989335688
0.6954816764901974
0.696356388733332
0.6972293427597176
0.6972293427597176
0.6972293427597176
0.69810054562339
0.69810054562339
0.69810054562339
0.696356388733332
0.696356388733332
0.6946051989335688
0.6946051989335688
0.69284691927723
0.69284691927723
0.6919651027673603
0.69284691927723
0.69284691927723
0.69284691927723
0.7007037171450193
0.7007037171450193
0.7007037171450193
0.6954816764901974
0.7185016888672743
0.7419390777291989
0.7126497016272114
0.7767011839884109
0.8898617212581884
1.0888445627270043
1.1370374547895128
1.132579847659737
1.1383026981662814
1.1379867327235316
1.1389339402569236
1.1389339402569236
1.1389339402569236
1.139249217571607
1.1389339402569236
1.1398790864012365
1.1401936785786313
1.1389339402569236
1.137670537236755
1.137670537236755
1.1379867327235316
1.1386184338994925
0.6875289612146344
0.6839471307515121
0.6830470382388496
0.6830470382388496
0.6830470382388496
0.6830470382388496
0.6830470382388496
0.6830470382388496
0.6830470382388496
0.6839471307515121
0.6839471307515121
0.6839471307515121
0.6839471307515121
0.6848453616444125
0.6857417386022636
0.6866362692622934
0.6866362692622934
0.6875289612146344
0.6875289612146344
0.6884198220027106
0.6884198220027106
0.6893088591236202
0.6893088591236202
0.6893088591236202
0.6884198220027106
0.6884198220027106
0.6875289612146344
0.6857417386022636
0.6848453616444125
0.6839471307515121
0.6830470382388496
0.6830470382388496
0.6839471307515121
0.6839471307515121
0.6848453616444125
0.6848453616444125
0.6857417386022636
0.6901960800285137
0.69284691927723
0.7041505168397991
0.7041505168397991
0.7084209001347127
0.7512791039833423
0.785329835010767
0.829303772831025
0.8859263398014311
0.9289076902439527
0.9532763366673044
0.9532763366673044
1.0515383905153275
1.1126050015345745
1.0813473078041325
1.0989896394011773
1.130333768495006
1.129689892199301
1.1293675957229856
1.1293675957229856
1.1287222843384268
1.1293675957229856
1.1300119496719043
1.1300119496719043
1.1293675957229856
1.1293675957229856
1.1283992687178064
1.1280760126687153
1.129689892199301
1.1300119496719043
1.1238516409670858
1.089905111439398
0.9479236198317263
0.9479236198317263
0.8904210188009143
0.9694159123539814
0.6748611407378116
0.6748611407378116
0.6766936096248666
0.6776069527204931
0.6785183790401139
0.6794278966121189
0.6794278966121189
0.6803355134145632
0.6812412373755872
0.6812412373755872
0.6812412373755872
0.6812412373755872
0.6803355134145632
0.6803355134145632
0.6794278966121189
0.6794278966121189
0.6776069527204931
0.6766936096248666
0.6748611407378116
0.6748611407378116
0.6739419986340878
0.6739419986340878
0.6748611407378116
0.6748611407378116
0.6757783416740851
0.6757783416740851
0.6776069527204931
0.6785183790401139
0.6785183790401139
0.6794278966121189
0.6866362692622934
0.6989700043360189
0.7283537820212285
0.7589118923979735
0.8208579894396999
0.8615344108590378
0.9180303367848801
0.9804578922761001
1.0240749873074262
1.0704073217401198
1.0799044676667207
1.105510184769974
1.1132746924643504
1.1132746924643504
1.121559844187501
1.1209028176145273
1.1225435240687542
1.1212314551496214
1.1205739312058498
1.1202447955463652
1.1212314551496214
1.1212314551496214
1.1212314551496214
1.1205739312058498
1.1212314551496214
1.1212314551496214
1.121559844187501
1.1212314551496214
1.1212314551496214
1.1209028176145273
1.1202447955463652
1.1209028176145273
1.121559844187501
1.1222158782728267
1.1209028176145273
1.1209028176145273
1.119585774961784
1.1176026916900843
0.9294189257142927
0.7474118078864233
0.6946051989335688
0.7101173651118162
0.6242820958356683
0.6242820958356683
0.5352941200427705
0.5211380837040362
0.6683859166900001
0.6693168805661122
0.670245853074124
0.6720978579357175
0.6711728427150833
0.6693168805661122
0.6683859166900001
0.6655809910179531
0.6655809910179531
0.6646419755561255
0.6646419755561255
0.6655809910179531
0.6655809910179531
0.6665179805548809
0.6665179805548809
0.667452952889954
0.667452952889954
0.6683859166900001
0.670245853074124
0.6748611407378116
0.6776069527204931
0.6893088591236202
0.7041505168397991
0.7596678446896304
0.7596678446896304
0.8481891169913987
0.9041743682841635
0.9938769149412112
1.0240749873074262
1.0773679052841565
1.0923696996291206
1.1010593549081156
1.110252917353403
1.1122697684172707
1.110589710299249
1.1129399760840801
1.1129399760840801
1.1122697684172707
1.1122697684172707
1.1119342763326816
1.1109262422664203
1.1115985248803941
1.1112625136590653
1.1115985248803941
1.1119342763326816
1.1119342763326816
1.1119342763326816
1.1132746924643504
1.1122697684172707
1.1109262422664203
1.1119342763326816
1.1115985248803941
1.1112625136590653
1.1122697684172707
1.1122697684172707
1.1119342763326816
1.1095785469043866
1.0944711286416449
1.0788191830988487
1.110252917353403
1.0770043267933502
1.0542299098633972
1.0629578340845103
1.1072099696478683
1.000867721531227
0.9258275746247423
0.9666109866819343
0.7474118078864233
0.7474118078864233
0.5301996982030822
0.5198279937757188
0.5428254269591799
0.5145477526602861
0.5037906830571811
0.5065050324048721
0.505149978319906
0.505149978319906
0.49968708261840383
0.4983105537896005
0.6580113966571124
0.6570558528571039
0.6570558528571039
0.6570558528571039
0.6570558528571039
0.6570558528571039
0.6580113966571124
0.658964842664435
0.6599162000698503
0.6618126855372612
0.6693168805661122
0.6794278966121189
0.6884198220027106
0.7058637122839193
0.7723217067229198
0.7979596437371962
0.8987251815894935
0.951823035315912
1.0334237554869496
1.0334237554869496
1.0802656273398448
1.082066934285113
1.0976043288744108
1.1017470739463662
1.104145550554008
1.1027766148834413
1.104145550554008
1.104145550554008
1.1038037209559568
1.103119253545714
1.1017470739463662
1.1027766148834413
1.1027766148834413
1.1027766148834413
1.1027766148834413
1.1034616220947047
1.104487111312395
1.1038037209559568
1.1024337056813363
1.1027766148834413
1.1020905255118367
1.103119253545714
1.103119253545714
1.1027766148834413
1.1027766148834413
1.103119253545714
1.103119253545714
1.1034616220947047
1.103119253545714
1.103119253545714
1.1014033505553307
1.103119253545714
1.1024337056813363
1.1027766148834413
1.1038037209559568
1.103119253545714
1.018284308426531
1.018284308426531
0.6665179805548809
0.5327543789924978
0.6009728956867483
0.5550944485783191
0.5198279937757188
0.5211380837040362
0.5477747053878226
0.5158738437116791
0.5078558716958309
0.5118833609788743
0.5118833609788743
0.5010592622177514
0.49692964807321494
0.49692964807321494
0.4913616938342727
0.4913616938342727
0.4899584794248346
0.4899584794248346
0.4899584794248346
0.4913616938342727
0.4913616938342727
0.4913616938342727
0.4899584794248346
0.4885507165004443
0.6483600109809317
0.6483600109809317
0.6493348587121419
0.6503075231319364
0.6503075231319364
0.651278013998144
0.6532125137753437
0.6580113966571124
0.6739419986340878
0.705007959333336
0.7160033436347992
0.7442929831226762
0.7958800173440752
0.9344984512435677
0.9986951583116558
1.0674428427763807
1.073351702386901
1.0913151596972228
1.0927206446840991
1.0934216851622351
1.0948203803547998
1.0962145853464051
1.0955180423231508
1.0948203803547998
1.0944711286416449
1.0934216851622351
1.0934216851622351
1.0934216851622351
1.0944711286416449
1.0948203803547998
1.095169351431755
1.0958664534785427
1.0955180423231508
1.0944711286416449
1.0944711286416449
1.0934216851622351
1.0934216851622351
1.0944711286416449
1.0948203803547998
1.0944711286416449
1.0817072700973491
1.0902580529313164
1.0913151596972228
1.0888445627270043
1.0358298252528282
1.0704073217401198
1.0366288953621612
1.0891983668051488
0.9921114877869497
1.0195316845312554
1.065206128054312
1.030599721965951
1.0523090996473234
1.0277572046905534
1.0322157032979815
1.012415374762433
1.012415374762433
1.0941215958405615
0.9726655922661109
1.086003705618382
0.8102325179950841
0.8401060944567578
0.7656685547590141
0.7218106152125465
0.7218106152125465
0.5289167002776547
0.48287358360875376
0.48572142648158
0.48429983934678583
0.48287358360875376
0.48287358360875376
0.48287358360875376
0.48287358360875376
0.48287358360875376
0.48287358360875376
0.48144262850230496
0.48144262850230496
0.48144262850230496
0.48144262850230496
0.48287358360875376
0.48287358360875376
0.48144262850230496
0.48144262850230496
0.48000694295715063
0.48144262850230496
0.48287358360875376
0.48287358360875376
0.48144262850230496
0.48000694295715063
0.6404814369704218
0.6404814369704218
0.6414741105040995
0.6424645202421213
0.6424645202421213
0.6444385894678385
0.6444385894678385
0.6473829701146199
0.6464037262230695
0.6464037262230695
0.6464037262230695
0.6434526764861874
0.6414741105040995
0.6404814369704218
0.6404814369704218
0.6414741105040995
0.6424645202421213
0.6434526764861874
0.6434526764861874
0.6454222693490919
0.6532125137753437
0.6748611407378116
0.7032913781186614
0.7824726241662862
0.8767949762007006
0.9890046156985368
0.9890046156985368
1.0549958615291415
1.0737183503461227
1.0849335749367162
1.084576277934331
1.0870712059065355
1.0870712059065355
1.0874264570362855
1.0867156639448825
1.085290578230065
1.085290578230065
1.0849335749367162
1.085290578230065
1.0867156639448825
1.0867156639448825
1.0867156639448825
1.0874264570362855
1.0867156639448825
1.086003705618382
1.085290578230065
1.0849335749367162
1.084576277934331
1.084576277934331
1.0856472882968566
1.0863598306747482
1.0867156639448825
1.0870712059065355
1.085290578230065
1.0867156639448825
1.0856472882968566
1.0856472882968566
1.0856472882968566
1.0718820073061255
1.0374264979406236
0.724275869600789
0.5352941200427705
0.5185139398778874
0.5198279937757188
0.541579243946581
0.5538830266438743
0.541579243946581
0.5314789170422551
0.5118833609788743
0.5037906830571811
0.49692964807321494
0.4983105537896005
0.4983105537896005
0.5037906830571811
0.4983105537896005
0.5010592622177514
0.49692964807321494
0.4983105537896005
0.4983105537896005
0.4913616938342727
0.4941545940184428
0.4899584794248346
0.48144262850230496
0.4913616938342727
0.4756711883244297
0.47856649559384334
0.47856649559384334
0.4742162640762552
0.4727564493172124
0.4727564493172124
0.4742162640762552
0.4742162640762552
0.4742162640762552
0.4727564493172124
0.4742162640762552
0.4742162640762552
0.4742162640762552
0.4727564493172124
0.4712917110589386
0.4727564493172124
0.4727564493172124
0.4742162640762552
0.4742162640762552
0.4727564493172124
0.4727564493172124
0.4712917110589386
0.4727564493172124
0.4742162640762552
0.4742162640762552
0.4742162640762552
0.4727564493172124
0.6354837468149122
0.6364878963533654
0.6364878963533654
0.6354837468149122
0.6364878963533654
0.6354837468149122
0.6344772701607315
0.6334684555795865
0.6324572921847242
0.631443769013172
0.6324572921847242
0.6334684555795865
0.6364878963533654
0.6424645202421213
0.6404814369704218
0.6473829701146199
0.6618126855372612
0.7489628612561614
0.7795964912578245
0.9429995933660404
1.0017337128090005
1.0538464268522527
1.0538464268522527
1.074450718954591
1.073351702386901
1.0784568180532925
1.0791812460476249
1.0788191830988487
1.0780941504064108
1.0770043267933502
1.0770043267933502
1.0762762554042176
1.0773679052841565
1.0784568180532925
1.0784568180532925
1.0784568180532925
1.0780941504064108
1.0773679052841565
1.0770043267933502
1.0766404436703418
1.0770043267933502
1.077731179652392
1.0773679052841565
1.077731179652392
1.0784568180532925
1.0780941504064108
1.0784568180532925
1.0762762554042176
1.0766404436703418
1.0762762554042176
1.0762762554042176
1.0762762554042176
1.0762762554042176
1.0780941504064108
1.0780941504064108
1.0784568180532925
1.0784568180532925
1.0759117614827776
1.0770043267933502
1.012415374762433
1.012415374762433
0.6839471307515121
0.48572142648158
0.4885507165004443
0.4712917110589386
0.4653828514484183
0.4653828514484183
0.4653828514484183
0.4668676203541095
0.4668676203541095
0.4668676203541095
0.4668676203541095
0.4653828514484183
0.4668676203541095
0.4653828514484183
0.4653828514484183
0.4653828514484183
0.4653828514484183
0.4653828514484183
0.4653828514484183
0.4653828514484183
0.4653828514484183
0.4653828514484183
0.4653828514484183
0.4653828514484183
0.4668676203541095
0.4653828514484183
0.4638929889859073
0.4638929889859073
0.4653828514484183
0.4653828514484183
0.4653828514484183
0.4638929889859073
0.4653828514484183
0.4653828514484183
0.4653828514484183
0.4653828514484183
0.4638929889859073
0.4653828514484183
0.4653828514484183
0.4653828514484183
0.4638929889859073
0.4623979978989561
0.4638929889859073
0.4638929889859073
0.4653828514484183
0.4653828514484183
0.4653828514484183
0.4653828514484183
0.4653828514484183
0.4653828514484183
0.46834733041215726
0.46834733041215726
0.4668676203541095
0.4668676203541095
0.6242820958356683
0.6304278750250238
0.6304278750250238
0.6384892569546373
0.6304278750250238
0.6283889300503115
0.6454222693490919
0.6384892569546373
0.6541765418779605
0.7291647896927701
0.7817553746524689
0.9513375187959177
0.9903388547876014
1.065206128054312
1.06781451116184
1.0689276116820718
1.0685568950723632
1.0692980121155293
1.070037866607755
1.0692980121155293
1.0685568950723632
1.06781451116184
1.06781451116184
1.0692980121155293
1.0696680969115957
1.0704073217401198
1.0707764628434346
1.0696680969115957
1.0685568950723632
1.0681858617461617
1.0681858617461617
1.0689276116820718
1.070037866607755
1.070037866607755
1.0696680969115957
1.0681858617461617
1.0685568950723632
1.06781451116184
1.0681858617461617
1.0692980121155293
1.0692980121155293
1.0704073217401198
1.0692980121155293
1.0681858617461617
1.0685568950723632
1.0685568950723632
1.0692980121155293
1.06781451116184
1.0681858617461617
1.06781451116184
1.0681858617461617
1.0681858617461617
1.0681858617461617
1.0704073217401198
1.0692980121155293
1.0692980121155293
1.0584260244570054
1.0681858617461617
0.7118072290411911
0.48429983934678583
0.48429983934678583
0.4608978427565479
0.4578818967339923
0.4578818967339923
0.456366033129043
0.456366033129043
0.456366033129043
0.4578818967339923
0.4578818967339923
0.4578818967339923
0.4578818967339923
0.4578818967339923
0.4578818967339923
0.4578818967339923
0.456366033129043
0.456366033129043
0.4578818967339923
0.4578818967339923
0.4578818967339923
0.456366033129043
0.4578818967339923
0.456366033129043
0.456366033129043
0.4578818967339923
0.456366033129043
0.4578818967339923
0.456366033129043
0.456366033129043
0.4548448600085102
0.456366033129043
0.456366033129043
0.456366033129043
0.456366033129043
0.456366033129043
0.4578818967339923
0.4578818967339923
0.4578818967339923
0.456366033129043
0.4578818967339923
0.4578818967339923
0.4578818967339923
0.456366033129043
0.456366033129043
0.4578818967339923
0.4578818967339923
0.45939248775923086
0.45939248775923086
0.4578818967339923
0.4578818967339923
0.4578818967339923
0.45939248775923086
0.45939248775923086
0.45939248775923086
0.45939248775923086
0.45939248775923086
0.7810369386211319
0.7846172926328754
0.7846172926328754
0.9169800473203822
0.9995654882259823
1.0468851908377101
1.04883008652835
1.0610753236297918
1.0603200286882852
1.0625819842281632
1.061829307294699
1.0599418880619547
1.0603200286882852
1.0606978403536116
1.0610753236297918
1.061829307294699
1.0622058088197126
1.0614524790871933
1.0610753236297918
1.0599418880619547
1.0599418880619547
1.0599418880619547
1.0599418880619547
1.061829307294699
1.061829307294699
1.0622058088197126
1.061829307294699
1.0606978403536116
1.0599418880619547
1.0599418880619547
1.0599418880619547
1.061829307294699
1.0622058088197126
1.0603200286882852
1.0603200286882852
1.0584260244570054
1.0606978403536116
1.0603200286882852
1.0557604646877348
1.0557604646877348
1.061829307294699
1.0492180226701815
1.0565237240791003
1.055378331375
1.0603200286882852
1.0603200286882852
1.0599418880619547
1.0610753236297918
1.0603200286882852
1.0599418880619547
1.0603200286882852
1.0606978403536116
1.0606978403536116
1.0625819842281632
1.0603200286882852
0.973589623427257
0.7041505168397991
0.4623979978989561
0.45939248775923086
0.4487063199050799
0.4487063199050799
0.4487063199050799
0.45024910831936105
0.4487063199050799
0.4471580313422192
0.4487063199050799
0.4487063199050799
0.4487063199050799
0.45024910831936105
0.45024910831936105
0.4487063199050799
0.4487063199050799
0.4487063199050799
0.4487063199050799
0.4487063199050799
0.4487063199050799
0.4487063199050799
0.4487063199050799
0.4487063199050799
0.4487063199050799
0.4487063199050799
0.4487063199050799
0.4487063199050799
0.4487063199050799
0.4487063199050799
0.45024910831936105
0.4487063199050799
0.4471580313422192
0.4471580313422192
0.4487063199050799
0.4487063199050799
0.45024910831936105
0.45024910831936105
0.45024910831936105
0.45024910831936105
0.45178643552429026
0.45178643552429026
0.45024910831936105
0.45024910831936105
0.45178643552429026
0.45024910831936105
0.45024910831936105
0.45024910831936105
0.45024910831936105
0.45024910831936105
0.45178643552429026
0.45331834004703764
0.45178643552429026
0.45024910831936105
0.45024910831936105
0.45178643552429026
0.45178643552429026
0.45178643552429026
0.45024910831936105
0.45024910831936105
1.0421815945157662
1.049605612594973
1.049605612594973
1.0534626049254554
1.0530784434834197
1.052693941924968
1.0534626049254554
1.0542299098633972
1.0542299098633972
1.0534626049254554
1.0530784434834197
1.0515383905153275
1.0523090996473234
1.0530784434834197
1.0530784434834197
1.0538464268522527
1.0542299098633972
1.0534626049254554
1.0530784434834197
1.0519239160461065
1.0519239160461065
1.0523090996473234
1.0523090996473234
1.0542299098633972
1.0542299098633972
1.0542299098633972
1.052693941924968
1.0523090996473234
1.0519239160461065
1.0519239160461065
1.0519239160461065
1.0542299098633972
1.0534626049254554
1.0519239160461065
0.9532763366673044
0.5599066250361125
0.7403626894942439
0.8356905714924255
0.5237464668115644
0.631443769013172
0.7185016888672743
0.5550944485783191
0.534026106056135
0.6551384348113821
0.5865873046717549
0.5763413502057929
0.5428254269591799
1.0437551269686796
1.0409976924234905
1.0523090996473234
1.048053173115609
1.0511525224473812
1.0511525224473812
0.9036325160842377
0.5465426634781311
0.4578818967339923
0.44560420327359757
0.4424797690644486
0.4409090820652177
0.4409090820652177
0.4409090820652177
0.4409090820652177
0.4424797690644486
0.4409090820652177
0.43933269383026263
0.4409090820652177
0.4409090820652177
0.4409090820652177
0.4424797690644486
0.4424797690644486
0.4409090820652177
0.4409090820652177
0.4409090820652177
0.4409090820652177
0.4409090820652177
0.4409090820652177
0.4409090820652177
0.4409090820652177
0.4409090820652177
0.4409090820652177
0.4409090820652177
0.4409090820652177
0.4409090820652177
0.4409090820652177
0.4409090820652177
0.4424797690644486
0.4409090820652177
0.4409090820652177
0.43933269383026263
0.4409090820652177
0.4409090820652177
0.4424797690644486
0.4440447959180762
0.4440447959180762
0.4440447959180762
0.44560420327359757
0.4440447959180762
0.4440447959180762
0.4440447959180762
0.4440447959180762
0.4440447959180762
0.4424797690644486
0.4424797690644486
0.4424797690644486
0.4424797690644486
0.4440447959180762
0.44560420327359757
0.4424797690644486
0.4409090820652177
0.4409090820652177
0.4424797690644486
0.4409090820652177
0.4409090820652177
0.4409090820652177
0.4424797690644486
1.0453229787866574
1.0457140589408676
1.0457140589408676
1.0457140589408676
1.04493154614916
1.04493154614916
1.0457140589408676
1.0468851908377101
1.0464951643347082
1.044539760392411
1.04493154614916
1.0437551269686796
1.04493154614916
1.0453229787866574
1.0453229787866574
1.0464951643347082
1.0461047872460387
1.0457140589408676
1.04493154614916
1.0441476208787228
1.044539760392411
1.044539760392411
1.044539760392411
1.0464951643347082
1.0464951643347082
1.0461047872460387
1.0441476208787228
1.044539760392411
1.0441476208787228
1.0441476208787228
1.0441476208787228
1.0457140589408676
1.0441476208787228
0.47856649559384334
0.47856649559384334
0.437750562820388
0.43933269383026263
0.436162647040756
0.4329692908744057
0.43456890403419873
0.436162647040756
0.43136376415898736
0.4329692908744057
0.43456890403419873
0.436162647040756
0.43456890403419873
0.4329692908744057
0.44560420327359757
0.44560420327359757
0.44560420327359757
0.4471580313422192
0.4424797690644486
0.4424797690644486
0.43933269383026263
0.4329692908744057
0.4329692908744057
0.4329692908744057
0.43456890403419873
0.4329692908744057
0.4329692908744057
0.4329692908744057
0.4329692908744057
0.43456890403419873
0.4329692908744057
0.4329692908744057
0.43456890403419873
0.43456890403419873
0.436162647040756
0.436162647040756
0.436162647040756
0.436162647040756
0.436162647040756
0.43456890403419873
0.43456890403419873
0.43456890403419873
0.43456890403419873
0.436162647040756
0.436162647040756
0.436162647040756
0.43456890403419873
0.43456890403419873
0.43456890403419873
0.43456890403419873
0.43456890403419873
0.43456890403419873
0.436162647040756
0.43456890403419873
0.43456890403419873
0.4329692908744057
0.43456890403419873
0.43456890403419873
0.436162647040756
0.436162647040756
0.436162647040756
0.436162647040756
0.437750562820388
0.436162647040756
0.436162647040756
0.43456890403419873
0.43456890403419873
0.43456890403419873
0.43456890403419873
0.4329692908744057
0.43456890403419873
0.43456890403419873
0.436162647040756
0.436162647040756
0.4329692908744057
0.43136376415898736
0.43136376415898736
0.4329692908744057
0.43136376415898736
0.43136376415898736
0.43136376415898736
0.4329692908744057
1.0374264979406236
1.0378247505883418
1.0378247505883418
1.0378247505883418
1.0374264979406236
1.037027879755775
1.0378247505883418
1.039017321997412
1.0386201619497029
1.0362295440862945
1.0366288953621612
1.0362295440862945
1.0374264979406236
1.0374264979406236
1.0378247505883418
1.039017321997412
1.0378247505883418
1.0374264979406236
1.0374264979406236
1.037027879755775
1.037027879755775
1.0366288953621612
1.0366288953621612
1.0386201619497029
1.0386201619497029
1.0382226383687185
1.0362295440862945
1.037027879755775
1.0366288953621612
1.0362295440862945
1.0362295440862945
0.887054378050957
0.5705429398818975
0.4329692908744057
0.4329692908744057
0.42651126136457523
0.42813479402878885
0.42813479402878885
0.424881636631067
0.424881636631067
0.42324587393680785
0.42324587393680785
0.424881636631067
0.42651126136457523
0.42651126136457523
0.424881636631067
0.42324587393680785
0.42651126136457523
0.424881636631067
0.424881636631067
0.424881636631067
0.42651126136457523
0.42651126136457523
0.424881636631067
0.42324587393680785
0.424881636631067
0.424881636631067
0.42651126136457523
0.424881636631067
0.424881636631067
0.424881636631067
0.42651126136457523
0.42813479402878885
0.42651126136457523
0.42813479402878885
0.42813479402878885
0.42975228000240795
0.42975228000240795
0.42975228000240795
0.42975228000240795
0.42813479402878885
0.42813479402878885
0.42813479402878885
0.42651126136457523
0.42813479402878885
0.42813479402878885
0.42975228000240795
0.42813479402878885
0.42813479402878885
0.42813479402878885
0.42813479402878885
0.42813479402878885
0.42813479402878885
0.42975228000240795
0.42813479402878885
0.42813479402878885
0.42813479402878885
0.42651126136457523
0.42651126136457523
0.42651126136457523
0.42651126136457523
0.42813479402878885
0.42813479402878885
0.42651126136457523
0.42651126136457523
0.42813479402878885
0.42651126136457523
0.42651126136457523
0.424881636631067
0.424881636631067
0.424881636631067
0.424881636631067
0.424881636631067
0.424881636631067
0.424881636631067
0.424881636631067
0.42651126136457523
0.424881636631067
0.42324587393680785
0.42324587393680785
0.42324587393680785
0.42324587393680785
0.42324587393680785
0.424881636631067
0.424881636631067
1.0297894708318556
1.0297894708318556
1.0297894708318556
1.030599721965951
1.0297894708318556
1.0297894708318556
1.0301947853567512
1.0314084642516241
1.0310042813635367
1.0285712526925377
1.028977705208778
1.028977705208778
1.0297894708318556
1.0297894708318556
1.0301947853567512
1.0314084642516241
1.0293837776852097
1.0297894708318556
1.0297894708318556
1.0297894708318556
1.0297894708318556
1.0293837776852097
1.0293837776852097
1.030599721965951
1.030599721965951
1.0297894708318556
1.0293837776852097
1.028977705208778
1.0293837776852097
0.9429995933660404
0.9429995933660404
0.45024910831936105
0.43456890403419873
0.41830129131974547
0.41830129131974547
0.41830129131974547
0.41995574848975786
0.41995574848975786
0.41830129131974547
0.41664050733828095
0.41664050733828095
0.414973347970818
0.41664050733828095
0.41830129131974547
0.41830129131974547
0.41664050733828095
0.41664050733828095
0.41830129131974547
0.41664050733828095
0.41664050733828095
0.41830129131974547
0.41830129131974547
0.41830129131974547
0.41664050733828095
0.41664050733828095
0.41664050733828095
0.41664050733828095
0.41830129131974547
0.41830129131974547
0.41995574848975786
0.41995574848975786
0.41995574848975786
0.42160392686983106
0.41995574848975786
0.41995574848975786
0.42160392686983106
0.42160392686983106
0.42160392686983106
0.42160392686983106
0.42160392686983106
0.41995574848975786
0.41995574848975786
0.41830129131974547
0.41830129131974547
0.41995574848975786
0.41995574848975786
0.42160392686983106
0.42160392686983106
0.41995574848975786
0.41995574848975786
0.41995574848975786
0.41995574848975786
0.41995574848975786
0.42160392686983106
0.41995574848975786
0.41995574848975786
0.41995574848975786
0.41830129131974547
0.41664050733828095
0.41830129131974547
0.41830129131974547
0.41830129131974547
0.41830129131974547
0.41830129131974547
0.41664050733828095
0.41830129131974547
0.41664050733828095
0.41664050733828095
0.414973347970818
0.414973347970818
0.414973347970818
0.414973347970818
0.414973347970818
0.41664050733828095
0.41664050733828095
0.41664050733828095
0.41664050733828095
0.41664050733828095
0.414973347970818
0.414973347970818
0.414973347970818
0.41664050733828095
0.41664050733828095
0.41664050733828095
0.41830129131974547
1.0224283711854865
1.0220157398177203
1.0220157398177203
1.0224283711854865
1.0224283711854865
1.0220157398177203
1.0228406108765278
1.0236639181977936
1.0232524596337116
1.021189299069938
1.0216027160282422
1.0216027160282422
1.0224283711854865
1.0224283711854865
1.0224283711854865
1.0236639181977936
1.0216027160282422
1.0216027160282422
1.0220157398177203
1.0224283711854865
1.0224283711854865
1.0216027160282422
1.0216027160282422
1.0224283711854865
1.0224283711854865
1.0220157398177203
1.0216027160282422
1.0216027160282422
0.9599948383284161
0.456366033129043
0.456366033129043
0.4099331233312945
0.4099331233312945
0.41161970596323016
0.4099331233312945
0.41161970596323016
0.41161970596323016
0.4132997640812518
0.4099331233312945
0.4082399653118496
0.4082399653118496
0.4082399653118496
0.4099331233312945
0.41161970596323016
0.41161970596323016
0.4099331233312945
0.4082399653118496
0.4082399653118496
0.4099331233312945
0.4099331233312945
0.4099331233312945
0.41161970596323016
0.41161970596323016
0.4099331233312945
0.4082399653118496
0.4099331233312945
0.4099331233312945
0.41161970596323016
0.41161970596323016
0.4132997640812518
0.4132997640812518
0.4132997640812518
0.4132997640812518
0.4099331233312945
0.41161970596323016
0.4132997640812518
0.4132997640812518
0.4132997640812518
0.4132997640812518
0.41161970596323016
0.41161970596323016
0.4099331233312945
0.4099331233312945
0.4082399653118496
0.4099331233312945
0.41161970596323016
0.41161970596323016
0.41161970596323016
0.41161970596323016
0.4099331233312945
0.4099331233312945
0.4099331233312945
0.4099331233312945
0.4132997640812518
0.4099331233312945
0.4099331233312945
0.4099331233312945
0.4082399653118496
0.4082399653118496
0.4099331233312945
0.4099331233312945
0.4082399653118496
0.4082399653118496
0.4082399653118496
0.4082399653118496
0.4082399653118496
0.4082399653118496
0.4082399653118496
0.4065401804339551
0.4065401804339551
0.4065401804339551
0.4082399653118496
0.4082399653118496
0.4082399653118496
0.4082399653118496
0.4082399653118496
0.4082399653118496
0.4082399653118496
0.4082399653118496
0.4065401804339551
0.4082399653118496
0.4082399653118496
0.4082399653118496
0.4099331233312945
0.4099331233312945
1.0149403497929366
1.0141003215196205
1.0141003215196205
1.0145205387579237
1.0145205387579237
1.0149403497929366
1.0149403497929366
1.015778756389041
1.0153597554092142
1.0136796972911926
1.0141003215196205
1.0145205387579237
1.0149403497929366
1.0149403497929366
1.0149403497929366
1.0161973535124391
1.0136796972911926
1.0141003215196205
1.0149403497929366
1.0153597554092142
1.0153597554092142
1.0141003215196205
1.0141003215196205
1.0141003215196205
1.0145205387579237
1.0141003215196205
1.0128372247051722
0.4440447959180762
0.436162647040756
0.40312052117581787
0.40312052117581787
0.4014005407815441
0.4014005407815441
0.40312052117581787
0.40312052117581787
0.40483371661993806
0.40483371661993806
0.4065401804339551
0.40312052117581787
0.4014005407815441
0.4014005407815441
0.4014005407815441
0.40312052117581787
0.40483371661993806
0.40483371661993806
0.40312052117581787
0.40312052117581787
0.4014005407815441
0.4014005407815441
0.4014005407815441
0.40312052117581787
0.40312052117581787
0.40312052117581787
0.4014005407815441
0.40312052117581787
0.40312052117581787
0.40312052117581787
0.4065401804339551
0.40483371661993806
0.40483371661993806
0.40483371661993806
0.40483371661993806
0.40483371661993806
0.4014005407815441
0.40312052117581787
0.40312052117581787
0.40312052117581787
0.40483371661993806
0.40312052117581787
0.4014005407815441
0.4014005407815441
0.3996737214810381
0.3996737214810381
0.3979400086720376
0.3996737214810381
0.4014005407815441
0.40312052117581787
0.4014005407815441
0.4014005407815441
0.3996737214810381
0.3996737214810381
0.3996737214810381
0.3996737214810381
0.40312052117581787
0.4014005407815441
0.4014005407815441
0.4014005407815441
0.3996737214810381
0.3996737214810381
0.3996737214810381
0.3996737214810381
0.4014005407815441
0.4014005407815441
0.4014005407815441
0.3996737214810381
0.3996737214810381
0.3996737214810381
0.3996737214810381
0.3996737214810381
0.3979400086720376
0.3996737214810381
0.4014005407815441
0.4014005407815441
0.3996737214810381
0.3996737214810381
0.3996737214810381
0.3996737214810381
0.4014005407815441
0.4014005407815441
0.4014005407815441
0.4014005407815441
0.4014005407815441
0.4014005407815441
0.40312052117581787
0.40312052117581787
1.0073209529227445
1.0068937079479006
1.0068937079479006
1.0068937079479006
1.0068937079479006
1.0073209529227445
1.0073209529227445
1.0081741840064264
1.00774777800074
1.0068937079479006
1.0068937079479006
1.0073209529227445
1.0073209529227445
1.0073209529227445
1.00774777800074
1.0081741840064264
1.0064660422492318
1.0068937079479006
1.0073209529227445
1.0081741840064264
1.0081741840064264
1.0068937079479006
1.0068937079479006
1.0060379549973173
0.9537596917332288
0.43933269383026263
0.4099331233312945
0.3961993470957364
0.3961993470957364
0.3944516808262163
0.3944516808262163
0.3944516808262163
0.3944516808262163
0.3961993470957364
0.3961993470957364
0.3979400086720376
0.3979400086720376
0.3996737214810381
0.3979400086720376
0.3944516808262163
0.3944516808262163
0.3961993470957364
0.3961993470957364
0.3979400086720376
0.3996737214810381
0.3979400086720376
0.3979400086720376
0.3961993470957364
0.3961993470957364
0.3961993470957364
0.3961993470957364
0.3979400086720376
0.3979400086720376
0.3961993470957364
0.3961993470957364
0.3961993470957364
0.3961993470957364
0.3979400086720376
0.3961993470957364
0.3961993470957364
0.3961993470957364
0.3944516808262163
0.3944516808262163
0.39269695325966575
0.3944516808262163
0.3944516808262163
0.3944516808262163
0.3944516808262163
0.3944516808262163
0.39269695325966575
0.39269695325966575
0.39269695325966575
0.39269695325966575
0.39269695325966575
0.39269695325966575
0.39269695325966575
0.3944516808262163
0.39269695325966575
0.39269695325966575
0.39269695325966575
0.39269695325966575
0.39269695325966575
0.39269695325966575
0.3944516808262163
0.39269695325966575
0.39269695325966575
0.39269695325966575
0.39093510710337914
0.39093510710337914
0.39269695325966575
0.39269695325966575
0.39269695325966575
0.3944516808262163
0.39269695325966575
0.39269695325966575
0.39093510710337914
0.39269695325966575
0.39269695325966575
0.39269695325966575
0.39093510710337914
0.39269695325966575
0.3944516808262163
0.3944516808262163
0.39269695325966575
0.39269695325966575
0.39269695325966575
0.39269695325966575
0.3944516808262163
0.39269695325966575
0.39269695325966575
0.3944516808262163
0.3961993470957364
0.3961993470957364
0.3979400086720376
0.3979400086720376
1.0
0.9991305412873711
0.9991305412873711
0.9995654882259823
0.9995654882259823
1.0
1.0
1.0
1.0
1.0
1.0
1.0004340774793186
1.0
1.0
1.0004340774793186
1.0
0.9995654882259823
1.0
0.9995654882259823
1.000867721531227
1.000867721531227
0.9995654882259823
0.9995654882259823
0.5646660642520893
0.48429983934678583
0.39093510710337914
0.39093510710337914
0.3891660843645325
0.3873898263387294
0.3873898263387294
0.3873898263387294
0.38560627359831223
0.3873898263387294
0.39093510710337914
0.39093510710337914
0.39093510710337914
0.39093510710337914
0.39269695325966575
0.39093510710337914
0.3873898263387294
0.3873898263387294
0.3891660843645325
0.3891660843645325
0.39093510710337914
0.39093510710337914
0.39093510710337914
0.39093510710337914
0.3873898263387294
0.3891660843645325
0.39093510710337914
0.39093510710337914
0.39093510710337914
0.39093510710337914
0.3873898263387294
0.3891660843645325
0.3891660843645325
0.3873898263387294
0.39093510710337914
0.3873898263387294
0.3873898263387294
0.3873898263387294
0.38560627359831223
0.38560627359831223
0.38560627359831223
0.38560627359831223
0.3873898263387294
0.3873898263387294
0.3873898263387294
0.38560627359831223
0.38560627359831223
0.38560627359831223
0.38560627359831223
0.38560627359831223
0.38560627359831223
0.38560627359831223
0.38560627359831223
0.38560627359831223
0.38560627359831223
0.38560627359831223
0.38560627359831223
0.38560627359831223
0.38560627359831223
0.38560627359831223
0.38560627359831223
0.38560627359831223
0.38381536598043126
0.38381536598043126
0.38381536598043126
0.38381536598043126
0.38560627359831223
0.38560627359831223
0.38560627359831223
0.3873898263387294
0.38560627359831223
0.38560627359831223
0.38381536598043126
0.38560627359831223
0.38560627359831223
0.38560627359831223
0.38560627359831223
0.38560627359831223
0.3873898263387294
0.3873898263387294
0.3873898263387294
0.3873898263387294
0.3873898263387294
0.3873898263387294
0.3873898263387294
0.3873898263387294
0.3873898263387294
0.3891660843645325
0.39093510710337914
0.39093510710337914
0.39093510710337914
0.39093510710337914
0.9925535178321356
0.9921114877869497
0.9921114877869497
0.9925535178321356
0.9925535178321356
0.9929950984313415
0.9925535178321356
0.9925535178321356
0.9925535178321356
0.9929950984313415
0.9929950984313415
0.9934362304976118
0.9925535178321356
0.9929950984313415
0.9929950984313415
0.9925535178321356
0.9929950984313415
0.9925535178321356
0.9921114877869497
0.9375178920173467
0.9041743682841635
0.3979400086720376
0.3979400086720376
0.3820170425748684
0.3820170425748684
0.38381536598043126
0.38381536598043126
0.38021124171160603
0.38021124171160603
0.3783979009481377
0.3783979009481377
0.38021124171160603
0.3820170425748684
0.38381536598043126
0.38381536598043126
0.3820170425748684
0.3820170425748684
0.3820170425748684
0.38381536598043126
0.38021124171160603
0.38021124171160603
0.38021124171160603
0.3820170425748684
0.3820170425748684
0.3820170425748684
0.3820170425748684
0.3820170425748684
0.38021124171160603
0.3820170425748684
0.38381536598043126
0.38381536598043126
0.3820170425748684
0.3820170425748684
0.38021124171160603
0.3820170425748684
0.38021124171160603
0.3783979009481377
0.3820170425748684
0.38021124171160603
0.38021124171160603
0.38021124171160603
0.3783979009481377
0.3783979009481377
0.3783979009481377
0.3783979009481377
0.38021124171160603
0.38021124171160603
0.38021124171160603
0.3783979009481377
0.37657695705651195
0.3783979009481377
0.37657695705651195
0.37657695705651195
0.37657695705651195
0.3783979009481377
0.3783979009481377
0.3783979009481377
0.3783979009481377
0.37657695705651195
0.37657695705651195
0.37657695705651195
0.37657695705651195
0.37657695705651195
0.3783979009481377
0.3783979009481377
0.37657695705651195
0.3783979009481377
0.37657695705651195
0.37657695705651195
0.3783979009481377
0.3783979009481377
0.38021124171160603
0.38021124171160603
0.38021124171160603
0.38021124171160603
0.3783979009481377
0.38021124171160603
0.38021124171160603
0.38021124171160603
0.38021124171160603
0.38021124171160603
0.3820170425748684
0.3820170425748684
0.3820170425748684
0.3820170425748684
0.38021124171160603
0.38021124171160603
0.3820170425748684
0.3820170425748684
0.3820170425748684
0.3820170425748684
0.3820170425748684
0.3820170425748684
0.3820170425748684
0.3820170425748684
0.9854264740830017
0.9849771264154934
0.9849771264154934
0.9854264740830017
0.9854264740830017
0.9858753573083937
0.9854264740830017
0.9845273133437926
0.9849771264154934
0.9863237770507653
0.9858753573083937
0.9863237770507653
0.9854264740830017
0.9854264740830017
0.9858753573083937
0.9845273133437926
0.9858753573083937
0.8943160626844384
0.8350561017201162
0.5078558716958309
0.4329692908744057
0.37291200297010657
0.37291200297010657
0.37106786227173627
0.37291200297010657
0.37657695705651195
0.37657695705651195
0.37291200297010657
0.37291200297010657
0.37291200297010657
0.37291200297010657
0.37474834601010387
0.37474834601010387
0.37474834601010387
0.37474834601010387
0.37474834601010387
0.37291200297010657
0.37474834601010387
0.37474834601010387
0.37291200297010657
0.37291200297010657
0.37291200297010657
0.37291200297010657
0.37106786227173627
0.37291200297010657
0.37291200297010657
0.37291200297010657
0.37106786227173627
0.37291200297010657
0.37474834601010387
0.37474834601010387
0.37291200297010657
0.37291200297010657
0.37106786227173627
0.37291200297010657
0.37291200297010657
0.37106786227173627
0.37291200297010657
0.37291200297010657
0.37106786227173627
0.37106786227173627
0.37106786227173627
0.37106786227173627
0.37106786227173627
0.37106786227173627
0.37291200297010657
0.37291200297010657
0.37291200297010657
0.37106786227173627
0.37106786227173627
0.37106786227173627
0.37106786227173627
0.37106786227173627
0.37106786227173627
0.37106786227173627
0.37106786227173627
0.37106786227173627
0.37106786227173627
0.37106786227173627
0.37106786227173627
0.37106786227173627
0.37106786227173627
0.37106786227173627
0.37291200297010657
0.37106786227173627
0.3692158574101428
0.37106786227173627
0.37106786227173627
0.37106786227173627
0.37106786227173627
0.37106786227173627
0.37474834601010387
0.37474834601010387
0.37474834601010387
0.37474834601010387
0.37291200297010657
0.37474834601010387
0.37474834601010387
0.37474834601010387
0.37474834601010387
0.37474834601010387
0.37657695705651195
0.37657695705651195
0.37474834601010387
0.37474834601010387
0.37291200297010657
0.37291200297010657
0.37474834601010387
0.37474834601010387
0.37474834601010387
0.37474834601010387
0.37657695705651195
0.37657695705651195
0.3783979009481377
0.3783979009481377
0.9786369483844743
0.9777236052888477
0.9777236052888477
0.9781805169374139
0.9781805169374139
0.9786369483844743
0.9781805169374139
0.9772662124272927
0.9772662124272927
0.9795483747040951
0.9790929006383263
0.9795483747040951
0.9781805169374139
0.9777236052888477
0.9786369483844743
0.9661417327390326
0.9523080096621253
0.658964842664435
0.41664050733828095
0.367355921026019
0.367355921026019
0.367355921026019
0.367355921026019
0.36361197989214433
0.3654879848908996
0.367355921026019
0.3692158574101428
0.3654879848908996
0.367355921026019
0.367355921026019
0.367355921026019
0.367355921026019
0.367355921026019
0.367355921026019
0.367355921026019
0.367355921026019
0.3654879848908996
0.367355921026019
0.367355921026019
0.3654879848908996
0.3654879848908996
0.3654879848908996
0.3654879848908996
0.36361197989214433
0.36361197989214433
0.36361197989214433
0.36361197989214433
0.36172783601759284
0.36361197989214433
0.3654879848908996
0.3654879848908996
0.3654879848908996
0.3654879848908996
0.36361197989214433
0.3654879848908996
0.3654879848908996
0.36361197989214433
0.3654879848908996
0.3654879848908996
0.36361197989214433
0.36361197989214433
0.36361197989214433
0.36361197989214433
0.3654879848908996
0.3654879848908996
0.3654879848908996
0.3654879848908996
0.3654879848908996
0.3654879848908996
0.3654879848908996
0.3654879848908996
0.3654879848908996
0.367355921026019
0.367355921026019
0.367355921026019
0.367355921026019
0.3654879848908996
0.3654879848908996
0.3654879848908996
0.3654879848908996
0.3654879848908996
0.3654879848908996
0.3654879848908996
0.3654879848908996
0.3654879848908996
0.36361197989214433
0.3654879848908996
0.3654879848908996
0.3654879848908996
0.3654879848908996
0.3654879848908996
0.367355921026019
0.3692158574101428
0.367355921026019
0.367355921026019
0.3654879848908996
0.367355921026019
0.367355921026019
0.367355921026019
0.367355921026019
0.367355921026019
0.3692158574101428
0.3692158574101428
0.3692158574101428
0.3692158574101428
0.37106786227173627
0.37106786227173627
0.37106786227173627
0.37106786227173627
0.37291200297010657
0.37291200297010657
0.37291200297010657
0.9712758487381052
0.9708116108725178
0.9708116108725178
0.9712758487381052
0.9712758487381052
0.9717395908877783
0.9708116108725178
0.9698816437465
0.9698816437465
0.9722028383790645
0.9717395908877783
0.9722028383790645
0.9708116108725178
0.9703468762300933
0.9571281976768131
0.4424797690644486
0.4409090820652177
0.36172783601759284
0.35793484700045375
0.35793484700045375
0.35793484700045375
0.359835482339888
0.359835482339888
0.35793484700045375
0.35793484700045375
0.359835482339888
0.359835482339888
0.359835482339888
0.359835482339888
0.359835482339888
0.359835482339888
0.359835482339888
0.359835482339888
0.359835482339888
0.35793484700045375
0.359835482339888
0.35793484700045375
0.35793484700045375
0.35793484700045375
0.35793484700045375
0.35793484700045375
0.35793484700045375
0.35793484700045375
0.35602585719312274
0.35602585719312274
0.35602585719312274
0.35602585719312274
0.35602585719312274
0.35602585719312274
0.35793484700045375
0.35793484700045375
0.35602585719312274
0.35602585719312274
0.35410843914740087
0.35602585719312274
0.35602585719312274
0.35793484700045375
0.35793484700045375
0.35793484700045375
0.35793484700045375
0.35793484700045375
0.35793484700045375
0.35793484700045375
0.359835482339888
0.359835482339888
0.36172783601759284
0.36172783601759284
0.36172783601759284
0.36172783601759284
0.36172783601759284
0.36172783601759284
0.36172783601759284
0.36172783601759284
0.36361197989214433
0.36172783601759284
0.36172783601759284
0.359835482339888
0.359835482339888
0.359835482339888
0.359835482339888
0.359835482339888
0.359835482339888
0.359835482339888
0.359835482339888
0.359835482339888
0.35793484700045375
0.359835482339888
0.35793484700045375
0.35793484700045375
0.359835482339888
0.359835482339888
0.36172783601759284
0.36361197989214433
0.36361197989214433
0.36361197989214433
0.3654879848908996
0.36361197989214433
0.36361197989214433
0.36361197989214433
0.3654879848908996
0.964259630196849
0.9637878273455552
0.9637878273455552
0.964259630196849
0.964259630196849
0.9647309210536293
0.9637878273455552
0.9623693356700211
0.9628426812012424
0.9508514588885464
0.9299295600845878
0.8767949762007006
0.5854607295085007
0.35793484700045375
0.359835482339888
0.34830486304816066
0.3521825181113625
0.35024801833416286
0.35024801833416286
0.35024801833416286
0.35024801833416286
0.3521825181113625
0.3521825181113625
0.35024801833416286
0.3521825181113625
0.3521825181113625
0.3521825181113625
0.3521825181113625
0.3521825181113625
0.3521825181113625
0.3521825181113625
0.35024801833416286
0.35024801833416286
0.3521825181113625
0.35024801833416286
0.3521825181113625
0.3521825181113625
0.3521825181113625
0.3521825181113625
0.3521825181113625
0.3521825181113625
0.35024801833416286
0.35024801833416286
0.34830486304816066
0.34830486304816066
0.34830486304816066
0.34830486304816066
0.35024801833416286
0.35024801833416286
0.35024801833416286
0.35024801833416286
0.34830486304816066
0.34830486304816066
0.34830486304816066
0.34830486304816066
0.35024801833416286
0.35024801833416286
0.3521825181113625
0.3521825181113625
0.3521825181113625
0.3521825181113625
0.3521825181113625
0.35410843914740087
0.35602585719312274
0.35602585719312274
0.35602585719312274
0.35602585719312274
0.35602585719312274
0.35410843914740087
0.35410843914740087
0.35410843914740087
0.35602585719312274
0.35602585719312274
0.35602585719312274
0.35602585719312274
0.35410843914740087
0.35410843914740087
0.35410843914740087
0.3521825181113625
0.3521825181113625
0.35410843914740087
0.35410843914740087
0.35410843914740087
0.35410843914740087
0.35410843914740087
0.35602585719312274
0.35602585719312274
0.35602585719312274
0.35602585719312274
0.35793484700045375
0.35793484700045375
0.35793484700045375
0.35793484700045375
0.9571281976768131
0.9571281976768131
0.9571281976768131
0.9206450014067876
0.9508514588885464
0.9469432706978255
0.9360107957152096
0.9355072658247128
0.9211660506377387
0.6551384348113821
0.6637009253896482
0.3996737214810381
0.367355921026019
0.3443922736851107
0.3443922736851107
0.34044411484011833
0.3424226808222063
0.3424226808222063
0.3424226808222063
0.3424226808222063
0.3443922736851107
0.3443922736851107
0.3443922736851107
0.3443922736851107
0.3443922736851107
0.3443922736851107
0.3424226808222063
0.3443922736851107
0.3424226808222063
0.3424226808222063
0.3424226808222063
0.3424226808222063
0.3424226808222063
0.3443922736851107
0.3443922736851107
0.3463529744506387
0.3443922736851107
0.3463529744506387
0.3443922736851107
0.3443922736851107
0.3443922736851107
0.3424226808222063
0.3424226808222063
0.3424226808222063
0.3424226808222063
0.3424226808222063
0.3424226808222063
0.3424226808222063
0.3424226808222063
0.3424226808222063
0.3424226808222063
0.3424226808222063
0.3424226808222063
0.3424226808222063
0.3424226808222063
0.3424226808222063
0.3443922736851107
0.3443922736851107
0.3463529744506387
0.3463529744506387
0.3463529744506387
0.3463529744506387
0.34830486304816066
0.35024801833416286
0.35024801833416286
0.34830486304816066
0.34830486304816066
0.34830486304816066
0.3463529744506387
0.3463529744506387
0.3463529744506387
0.3463529744506387
0.34830486304816066
0.34830486304816066
0.34830486304816066
0.34830486304816066
0.34830486304816066
0.35024801833416286
0.35024801833416286
0.35024801833416286
0.35024801833416286
0.35024801833416286
0.8808135922807914
0.890979596989689
0.890979596989689
0.7810369386211319
0.8796692056320535
0.8662873390841949
0.5921767573958668
0.359835482339888
0.39269695325966575
0.37106786227173627
0.36361197989214433
0.3364597338485295
0.33845649360460484
0.33845649360460484
0.3364597338485295
0.3344537511509309
0.3344537511509309
0.3364597338485295
0.3364597338485295
0.3364597338485295
0.3364597338485295
0.3364597338485295
0.3364597338485295
0.3364597338485295
0.3364597338485295
0.3364597338485295
0.3344537511509309
0.3344537511509309
0.3344537511509309
0.3344537511509309
0.3344537511509309
0.3344537511509309
0.3364597338485295
0.3364597338485295
0.3364597338485295
0.33845649360460484
0.33845649360460484
0.33845649360460484
0.33845649360460484
0.3364597338485295
0.3364597338485295
0.3364597338485295
0.3364597338485295
0.33845649360460484
0.3364597338485295
0.3364597338485295
0.3364597338485295
0.3364597338485295
0.3364597338485295
0.3344537511509309
0.3344537511509309
0.3344537511509309
0.3344537511509309
0.3344537511509309
0.3344537511509309
0.3364597338485295
0.33845649360460484
0.33845649360460484
0.34044411484011833
0.33845649360460484
0.33845649360460484
0.33845649360460484
0.34044411484011833
0.34044411484011833
0.34044411484011833
0.3424226808222063
0.3424226808222063
0.3443922736851107
0.3443922736851107
0.3443922736851107
0.3443922736851107
0.3443922736851107
0.3443922736851107
0.5078558716958309
0.38381536598043126
0.38381536598043126
0.48713837547718647
0.5224442335063199
0.35024801833416286
0.414973347970818
0.33041377334919086
0.3344537511509309
0.3283796034387377
0.3283796034387377
0.3283796034387377
0.33041377334919086
0.33041377334919086
0.33041377334919086
0.3283796034387377
0.3283796034387377
0.33041377334919086
0.33041377334919086
0.3283796034387377
0.33041377334919086
0.3283796034387377
0.3283796034387377
0.3283796034387377
0.3283796034387377
0.3283796034387377
0.32633586092875144
0.32633586092875144
0.32633586092875144
0.3283796034387377
0.3283796034387377
0.3283796034387377
0.3283796034387377
0.33041377334919086
0.33041377334919086
0.33243845991560533
0.33243845991560533
0.3344537511509309
0.33243845991560533
0.33243845991560533
0.33243845991560533
0.33243845991560533
0.33243845991560533
0.33243845991560533
0.33243845991560533
0.33243845991560533
0.33041377334919086
0.33243845991560533
0.33041377334919086
0.3283796034387377
0.3283796034387377
0.3283796034387377
0.3283796034387377
0.3283796034387377
0.3283796034387377
0.33041377334919086
0.33243845991560533
0.3344537511509309
0.3344537511509309
0.3364597338485295
0.3364597338485295
0.3364597338485295
0.3364597338485295
0.37291200297010657
0.3283796034387377
0.3283796034387377
0.3242824552976926
0.3242824552976926
0.3242824552976926
0.3222192947339193
0.3222192947339193
0.3222192947339193
0.32014628611105395
0.3222192947339193
0.3222192947339193
0.3222192947339193
0.3242824552976926
0.3242824552976926
0.3242824552976926
0.3222192947339193
0.3222192947339193
0.3222192947339193
0.3222192947339193
0.3222192947339193
0.32014628611105395
0.32014628611105395
0.32014628611105395
0.32014628611105395
0.32014628611105395
0.32014628611105395
0.32014628611105395
0.32014628611105395
0.32014628611105395
0.32014628611105395
0.32014628611105395
0.3222192947339193
0.3242824552976926
0.3242824552976926
0.32633586092875144
0.32633586092875144
0.3283796034387377
0.32633586092875144
0.32633586092875144
0.32633586092875144
0.3242824552976926
0.3242824552976926
0.32633586092875144
0.32633586092875144
0.32633586092875144
0.32633586092875144
0.32633586092875144
0.32633586092875144
0.3242824552976926
0.32633586092875144
0.32633586092875144
0.32633586092875144
0.3283796034387377
0.3283796034387377
0.3159703454569177
0.3159703454569177
0.3159703454569177
0.31386722036915343
0.3159703454569177
0.3159703454569177
0.31386722036915343
0.3159703454569177
0.3159703454569177
0.31386722036915343
0.31386722036915343
0.3159703454569177
0.3159703454569177
0.31806333496276157
0.3159703454569177
0.3159703454569177
0.31386722036915343
0.3159703454569177
0.3159703454569177
0.31386722036915343
0.31386722036915343
0.31386722036915343
0.31386722036915343
0.31386722036915343
0.31386722036915343
0.31386722036915343
0.31386722036915343
0.31386722036915343
0.31175386105575426
0.31386722036915343
0.31386722036915343
0.31386722036915343
0.3159703454569177
0.31806333496276157
0.31806333496276157
0.32014628611105395
0.32014628611105395
0.3222192947339193
0.3222192947339193
0.3222192947339193
0.3222192947339193
0.3222192947339193
0.3222192947339193
0.3222192947339193
0.3222192947339193
0.3159703454569177
0.3159703454569177
0.3159703454569177
0.31386722036915343
0.3159703454569177
0.3159703454569177
0.31386722036915343
0.3159703454569177
0.3159703454569177
0.31386722036915343
0.31386722036915343
0.3159703454569177
0.3159703454569177
0.31806333496276157
0.3159703454569177
0.3159703454569177
0.31386722036915343
0.3159703454569177
0.3159703454569177
0.31386722036915343
0.31386722036915343
0.31386722036915343
0.31386722036915343
0.31386722036915343
0.31386722036915343
0.31386722036915343
0.31386722036915343
0.31386722036915343
0.31175386105575426
0.31386722036915343
0.31386722036915343
0.3010299956639812
0.3010299956639812
0.3010299956639812
0.30319605742048883
0.30319605742048883
0.30319605742048883
0.30319605742048883
0.3053513694466238
0.3053513694466238
0.3074960379132129
0.3074960379132129
0.3096301674258988
0.3096301674258988
0.3010299956639812
0.3010299956639812
0.3010299956639812
0.30319605742048883
0.668418534149374
0.668418534149374
0.668418534149374
0.668418534149374
0.7403626894942439
0.668418534149374
0.668418534149374
0.668418534149374
0.668418534149374
0.668418534149374
0.668418534149374
0.668418534149374
0.668418534149374
0.668418534149374
0.668418534149374
0.668418534149374
0.668418534149374
0.668418534149374
0.668418534149374
0.668418534149374
0.668418534149374
0.668418534149374
0.668418534149374
0.668418534149374
0.668418534149374
0.668418534149374
0.668418534149374
0.668418534149374
0.668418534149374
0.668418534149374
0.668418534149374
0.668418534149374
0.668418534149374
0.668418534149374
0.668418534149374
0.668418534149374
0.668418534149374
0.668418534149374
0.668418534149374
0.668418534149374
0.668418534149374
0.668418534149374
0.668418534149374
0.668418534149374
0.668418534149374
0.668418534149374
0.668418534149374
0.668418534149374
0.668418534149374
0.668418534149374
0.668418534149374
0.668418534149374
0.668418534149374
0.668418534149374
0.668418534149374
0.668418534149374
0.668418534149374
0.668418534149374
0.668418534149374
0.668418534149374
0.668418534149374
0.668418534149374
0.668418534149374
0.668418534149374
0.668418534149374
0.668418534149374
0.668418534149374
0.668418534149374
0.668418534149374
0.668418534149374
0.668418534149374
0.668418534149374
0.668418534149374
0.668418534149374
0.668418534149374
0.668418534149374
0.668418534149374
0.668418534149374
0.668418534149374
0.668418534149374
0.668418534149374
0.668418534149374
0.668418534149374
0.668418534149374
0.668418534149374
0.668418534149374
0.668418534149374
0.668418534149374
0.668418534149374
0.668418534149374
0.668418534149374
0.668418534149374
0.668418534149374
0.668418534149374
0.668418534149374
0.668418534149374
0.668418534149374
0.668418534149374
0.668418534149374
0.668418534149374
0.668418534149374
0.668418534149374
0.668418534149374
0.668418534149374
0.668418534149374
0.668418534149374
0.668418534149374
0.668418534149374
0.668418534149374
0.668418534149374
0.668418534149374
0.668418534149374
0.668418534149374
0.668418534149374
0.668418534149374
0.668418534149374
0.668418534149374
0.668418534149374
0.668418534149374
0.668418534149374
0.668418534149374
0.668418534149374
0.668418534149374
0.668418534149374
0.668418534149374
0.668418534149374
0.668418534149374
0.668418534149374
0.668418534149374
0.668418534149374
0.668418534149374
0.668418534149374
0.668418534149374
0.668418534149374
0.668418534149374
0.668418534149374
0.668418534149374
0.668418534149374
0.668418534149374
0.668418534149374
0.668418534149374
0.668418534149374
0.668418534149374
0.668418534149374
0.668418534149374
0.668418534149374
0.668418534149374
0.668418534149374
0.668418534149374
0.668418534149374
0.668418534149374
0.668418534149374
0.668418534149374
0.668418534149374
0.668418534149374
0.668418534149374
0.668418534149374
0.668418534149374
0.668418534149374
0.668418534149374
0.668418534149374
0.668418534149374
0.668418534149374
0.668418534149374
0.668418534149374
0.668418534149374
0.668418534149374
0.668418534149374
0.668418534149374
0.668418534149374
0.668418534149374
0.668418534149374
0.668418534149374
0.668418534149374
0.668418534149374
0.668418534149374
0.668418534149374
0.668418534149374
0.668418534149374
0.668418534149374
0.668418534149374
0.668418534149374
0.668418534149374
0.668418534149374
0.668418534149374
0.668418534149374
0.668418534149374
0.668418534149374
0.668418534149374
0.668418534149374
0.668418534149374
0.668418534149374
0.668418534149374
0.668418534149374
0.668418534149374
0.668418534149374
0.668418534149374
0.668418534149374
0.668418534149374
0.668418534149374
0.668418534149374
0.668418534149374
0.668418534149374
0.668418534149374
0.668418534149374
0.668418534149374
0.668418534149374
0.668418534149374
0.668418534149374
0.7403626894942439
0.7403626894942439
0.7403626894942439
0.7403626894942439
0.7403626894942439
0.7403626894942439
0.7403626894942439
0.7403626894942439
0.7403626894942439
0.7403626894942439
0.7403626894942439
0.7403626894942439
0.7403626894942439
0.7403626894942439
0.7403626894942439
0.7403626894942439
0.7403626894942439
0.7403626894942439
0.7403626894942439
