0.741151598851785
0.9921114877869497
0.9299295600845878
0.8195439355418687
0.7641761323903307
0.7909884750888159
0.7611758131557314
0.7275412570285564
0.7481880270062004
0.7505083948513462
0.7810369386211319
0.7466341989375788
0.7275412570285564
0.7201593034059569
0.741151598851785
0.7168377232995244
0.7160033436347992
0.7193312869837266
0.7193312869837266
0.7160033436347992
0.7846172926328754
1.0132586652835165
1.1389339402569236
1.1389339402569236
1.127428777851599
1.1316186643491255
1.1571544399062814
1.0737183503461227
0.8363241157067517
0.7839035792727349
0.7979596437371962
0.8518696007297664
0.8998205024270963
0.8221680793680175
0.7355988996981799
0.7641761323903307
0.8627275283179746
0.7075701760979364
0.7075701760979364
0.7067177823367587
0.705007959333336
0.705007959333336
0.705007959333336
0.7032913781186614
0.7185016888672743
0.7234556720351858
0.7715874808812554
1.0503797562614579
1.1248301494138593
1.0937717814987298
1.0637085593914173
1.1417632302757879
1.1417632302757879
1.1300119496719043
1.1287222843384268
1.1476763242410988
1.1189257528257768
1.1427022457376157
1.1433271299920464
1.1489109931093564
1.1405080430381795
1.1335389083702174
1.1383026981662814
1.1486026548060935
1.145196406114182
1.1383026981662814
0.696356388733332
0.6954816764901974
0.6946051989335688
0.69284691927723
0.69284691927723
0.6919651027673603
0.69284691927723
0.69284691927723
0.69284691927723
0.7007037171450193
0.7058637122839193
0.6954816764901974
0.7032913781186614
0.7419390777291989
0.7347998295888469
0.7126497016272114
0.7767011839884109
1.0888445627270043
1.132899769944483
1.132579847659737
1.139249217571607
1.1379867327235316
1.1379867327235316
1.1386184338994925
1.1389339402569236
1.1389339402569236
1.1389339402569236
1.1398790864012365
1.1401936785786313
1.1401936785786313
1.1389339402569236
1.137670537236755
1.1373541113707328
1.1386184338994925
1.1344958558346736
1.0685568950723632
0.6830470382388496
0.6830470382388496
0.6830470382388496
0.6830470382388496
0.6839471307515121
0.6848453616444125
0.6848453616444125
0.6857417386022636
0.6901960800285137
0.69284691927723
0.6884198220027106
0.7041505168397991
0.7084209001347127
0.7512791039833423
0.785329835010767
0.829303772831025
0.9289076902439527
0.9289076902439527
0.9532763366673044
0.9885589568786155
1.1126050015345745
1.086003705618382
1.0989896394011773
1.1258064581395268
1.130333768495006
1.129689892199301
1.129045059887958
1.1287222843384268
1.1293675957229856
1.1293675957229856
1.1300119496719043
1.1300119496719043
1.1293675957229856
1.129045059887958
1.1277525158329733
1.129045059887958
1.1300119496719043
1.1212314551496214
1.1231980750319988
1.0870712059065355
0.9566485792052033
0.8887409606828927
0.9854264740830017
0.8830933585756899
0.6646419755561255
0.6785183790401139
0.6794278966121189
0.6803355134145632
0.6803355134145632
0.6803355134145632
0.6812412373755872
0.6812412373755872
0.6803355134145632
0.6803355134145632
0.6803355134145632
0.6794278966121189
0.6785183790401139
0.6776069527204931
0.6766936096248666
0.6748611407378116
0.6748611407378116
0.6739419986340878
0.6739419986340878
0.6748611407378116
0.6748611407378116
0.6757783416740851
0.6757783416740851
0.6776069527204931
0.6785183790401139
0.6785183790401139
0.6794278966121189
0.6866362692622934
0.6989700043360189
0.7283537820212285
0.7589118923979735
0.8208579894396999
0.8208579894396999
0.9180303367848801
0.9804578922761001
1.0240749873074262
1.0704073217401198
1.0799044676667207
1.105510184769974
1.119585774961784
1.1132746924643504
1.121559844187501
1.1209028176145273
1.1225435240687542
1.1212314551496214
1.1202447955463652
1.1202447955463652
1.1212314551496214
1.121559844187501
1.1205739312058498
1.1209028176145273
1.1212314551496214
1.1212314551496214
1.121559844187501
1.1209028176145273
1.1205739312058498
1.1202447955463652
1.1205739312058498
1.1209028176145273
1.1222158782728267
1.1222158782728267
1.1209028176145273
1.1202447955463652
1.1172712956557642
0.9872192299080049
0.6693168805661122
0.615950051656401
0.6020599913279624
0.6148972160331346
0.4742162640762552
0.35793484700045375
0.2648178230095365
0.287801729930226
0.3222192947339193
0.6711728427150833
0.670245853074124
0.6683859166900001
0.6665179805548809
0.6655809910179531
0.6646419755561255
0.6646419755561255
0.6646419755561255
0.6655809910179531
0.6655809910179531
0.6665179805548809
0.6665179805548809
0.667452952889954
0.667452952889954
0.6683859166900001
0.670245853074124
0.6748611407378116
0.6776069527204931
0.6893088591236202
0.7041505168397991
0.7596678446896304
0.7596678446896304
0.8481891169913987
0.9041743682841635
0.9938769149412112
1.0240749873074262
1.0773679052841565
1.0923696996291206
1.1010593549081156
1.110252917353403
1.1122697684172707
1.110589710299249
1.1129399760840801
1.1129399760840801
1.1122697684172707
1.1122697684172707
1.1119342763326816
1.1109262422664203
1.1115985248803941
1.1115985248803941
1.1115985248803941
1.1119342763326816
1.1122697684172707
1.1119342763326816
1.1132746924643504
1.1122697684172707
1.1109262422664203
1.1119342763326816
1.1109262422664203
1.1109262422664203
1.1122697684172707
1.1119342763326816
1.1095785469043866
1.086003705618382
1.0766404436703418
1.0813473078041325
1.110252917353403
1.0799044676667207
1.06707085604537
1.0996806411092501
0.9916690073799486
0.8095597146352678
0.9350031514536548
0.9350031514536548
0.7041505168397991
0.5289167002776547
0.47856649559384334
0.5010592622177514
0.45331834004703764
0.4487063199050799
0.4440447959180762
0.44560420327359757
0.4668676203541095
0.5185139398778874
0.696356388733332
0.60422605308447
0.5502283530550941
0.6570558528571039
0.6570558528571039
0.6580113966571124
0.6580113966571124
0.6599162000698503
0.6599162000698503
0.6618126855372612
0.6693168805661122
0.6884198220027106
0.7058637122839193
0.7347998295888469
0.7723217067229198
0.8394780473741984
0.8987251815894935
0.9523080096621253
1.0334237554869496
1.0468851908377101
1.0806264869218056
1.082066934285113
1.0976043288744108
1.1017470739463662
1.104145550554008
1.1027766148834413
1.104145550554008
1.104145550554008
1.1038037209559568
1.103119253545714
1.1017470739463662
1.1027766148834413
1.1027766148834413
1.1027766148834413
1.1027766148834413
1.1034616220947047
1.104487111312395
1.1038037209559568
1.1024337056813363
1.1027766148834413
1.1020905255118367
1.1020905255118367
1.103119253545714
1.1027766148834413
1.1027766148834413
1.103119253545714
1.103119253545714
1.1034616220947047
1.1034616220947047
1.103119253545714
1.1014033505553307
1.103119253545714
1.1024337056813363
1.1027766148834413
1.1027766148834413
1.1027766148834413
1.0174507295105362
0.795184589682424
0.5774917998372253
0.6106601630898799
0.5899496013257077
0.5622928644564748
0.568201724066995
0.5622928644564748
0.5453071164658241
0.5465426634781311
0.5158738437116791
0.43136376415898736
0.3961993470957364
0.3961993470957364
0.4099331233312945
0.3944516808262163
0.38021124171160603
0.40312052117581787
0.4440447959180762
0.45024910831936105
0.4487063199050799
0.4608978427565479
0.46982201597816303
0.4440447959180762
0.30319605742048883
0.3692158574101428
0.4471580313422192
0.6580113966571124
0.6839471307515121
0.705007959333336
0.7442929831226762
0.7958800173440752
0.9344984512435677
0.9344984512435677
1.0362295440862945
1.0674428427763807
1.0881360887005513
1.0916669575956846
1.0937717814987298
1.0948203803547998
1.0955180423231508
1.0962145853464051
1.0958664534785427
1.095169351431755
1.0944711286416449
1.0934216851622351
1.0937717814987298
1.0937717814987298
1.0944711286416449
1.095169351431755
1.0955180423231508
1.0962145853464051
1.0958664534785427
1.0944711286416449
1.0944711286416449
1.0937717814987298
1.0934216851622351
1.0944711286416449
1.0948203803547998
1.0944711286416449
1.0696680969115957
1.0867156639448825
1.089551882886454
1.0835026198302673
1.0111473607757975
1.0648322197385738
1.0073209529227445
1.085290578230065
1.085290578230065
1.0068937079479006
1.0637085593914173
1.0413926851582251
1.0637085593914173
1.0350292822023681
1.0421815945157662
1.0941215958405615
1.0094508957986938
1.0941215958405615
0.9628426812012424
1.0835026198302673
0.7450747915820575
0.6946051989335688
0.6946051989335688
0.6848453616444125
0.561101383649056
0.5198279937757188
0.5158738437116791
0.5105450102066121
0.5158738437116791
0.5198279937757188
0.505149978319906
0.38381536598043126
0.37291200297010657
0.37657695705651195
0.4082399653118496
0.45178643552429026
0.45178643552429026
0.48000694295715063
0.5185139398778874
0.5185139398778874
0.5403294747908738
0.5693739096150459
0.5728716022004802
0.5774917998372253
0.561101383649056
0.5740312677277188
0.6211762817750351
0.7715874808812554
0.7032913781186614
0.5954962218255742
0.7275412570285564
0.7824726241662862
0.919078092376074
0.9890046156985368
1.0549958615291415
1.0737183503461227
1.0791812460476249
1.085290578230065
1.085290578230065
1.0870712059065355
1.0877814178095424
1.0867156639448825
1.0856472882968566
1.0856472882968566
1.0856472882968566
1.0849335749367162
1.085290578230065
1.0867156639448825
1.0870712059065355
1.0874264570362855
1.0870712059065355
1.0867156639448825
1.086003705618382
1.085290578230065
1.085290578230065
1.084576277934331
1.085290578230065
1.0856472882968566
1.0863598306747482
1.0870712059065355
1.0870712059065355
1.085290578230065
1.0867156639448825
1.0856472882968566
1.0856472882968566
1.0856472882968566
1.0666985504229953
1.0187004986662433
0.5145477526602861
0.28555730900777376
0.24551266781414982
0.26245108973042947
0.22788670461367352
0.46982201597816303
0.43136376415898736
0.45939248775923086
0.37657695705651195
0.31386722036915343
0.31386722036915343
0.3654879848908996
0.4578818967339923
0.46982201597816303
0.48000694295715063
0.48429983934678583
0.5198279937757188
0.5327543789924978
0.4885507165004443
0.45331834004703764
0.41161970596323016
0.32014628611105395
0.35410843914740087
0.40483371661993806
0.40483371661993806
0.42651126136457523
0.35410843914740087
0.2380461031287954
0.2741578492636798
0.4653828514484183
0.5132176000679389
0.5105450102066121
0.5037906830571811
0.35793484700045375
0.31386722036915343
0.37106786227173627
0.48713837547718647
0.5171958979499743
0.5171958979499743
0.5670263661590603
0.6693168805661122
0.6919651027673603
0.705007959333336
0.8356905714924255
0.8543060418010806
0.8627275283179746
0.7895807121644255
0.7419390777291989
0.7730546933642626
0.7937903846908186
0.785329835010767
0.75815462196739
0.6354837468149122
0.6354837468149122
0.6334684555795865
0.6324572921847242
0.631443769013172
0.631443769013172
0.6324572921847242
0.6324572921847242
0.6354837468149122
0.6344772701607315
0.6424645202421213
0.658964842664435
0.7489628612561614
0.7788744720027395
0.8813846567705729
0.9429995933660404
1.0236639181977936
1.0538464268522527
1.0748164406451748
1.0737183503461227
1.0784568180532925
1.0784568180532925
1.079543007402906
1.0791812460476249
1.0773679052841565
1.0770043267933502
1.0766404436703418
1.077731179652392
1.077731179652392
1.0788191830988487
1.0784568180532925
1.0784568180532925
1.0773679052841565
1.0770043267933502
1.0770043267933502
1.0770043267933502
1.077731179652392
1.077731179652392
1.0770043267933502
1.077731179652392
1.0780941504064108
1.0784568180532925
1.0773679052841565
1.0762762554042176
1.0766404436703418
1.0766404436703418
1.0766404436703418
1.0762762554042176
1.0773679052841565
1.0780941504064108
1.0784568180532925
1.0784568180532925
1.0784568180532925
1.0759117614827776
1.0770043267933502
0.9680157139936417
0.9680157139936417
0.6560982020128319
0.4913616938342727
0.424881636631067
0.2944662261615929
0.18752072083646307
0.19865708695442263
0.21484384804769785
0.12385164096708581
0.17318626841227402
0.19865708695442263
0.21484384804769785
0.21748394421390627
0.08635983067474821
0.08635983067474821
0.19865708695442263
0.2380461031287954
0.22271647114758325
0.08635983067474821
0.1553360374650618
0.38021124171160603
0.41830129131974547
0.39269695325966575
0.3521825181113625
0.35793484700045375
0.359835482339888
0.37474834601010387
0.4132997640812518
0.4132997640812518
0.3654879848908996
0.33041377334919086
0.28330122870354957
0.2944662261615929
0.4099331233312945
0.4440447959180762
0.42813479402878885
0.4727564493172124
0.6637009253896482
0.6812412373755872
0.6637009253896482
0.6242820958356683
0.6503075231319364
0.6503075231319364
0.6364878963533654
0.6693168805661122
0.6866362692622934
0.6839471307515121
0.7781512503836436
0.7909884750888159
0.7944880466591696
0.8115750058705934
0.8915374576725644
1.0350292822023681
1.1908917169221696
1.1245042248342823
0.791690649020118
0.6242820958356683
0.6304278750250238
0.6384892569546373
0.6304278750250238
0.6263403673750424
0.6283889300503115
0.6384892569546373
0.6541765418779605
0.7291647896927701
0.7817553746524689
0.9513375187959177
0.9513375187959177
1.0542299098633972
1.065206128054312
1.0689276116820718
1.0685568950723632
1.0696680969115957
1.070037866607755
1.0696680969115957
1.0692980121155293
1.0681858617461617
1.0681858617461617
1.0696680969115957
1.0696680969115957
1.0707764628434346
1.0707764628434346
1.0704073217401198
1.0696680969115957
1.0681858617461617
1.0681858617461617
1.0689276116820718
1.070037866607755
1.070037866607755
1.070037866607755
1.0685568950723632
1.0681858617461617
1.06781451116184
1.0681858617461617
1.0692980121155293
1.0692980121155293
1.0696680969115957
1.0704073217401198
1.0685568950723632
1.0681858617461617
1.0685568950723632
1.0692980121155293
1.0685568950723632
1.0681858617461617
1.06781451116184
1.06781451116184
1.0681858617461617
1.0685568950723632
1.0696680969115957
1.0704073217401198
1.0692980121155293
1.0692980121155293
1.0530784434834197
1.06781451116184
0.5797835966168101
0.287801729930226
0.287801729930226
0.1931245983544616
0.15836249209524964
0.19865708695442263
0.21484384804769785
0.35024801833416286
0.41161970596323016
0.43933269383026263
0.13353890837021754
0.146128035678238
0.2304489213782739
0.28555730900777376
0.39093510710337914
0.4487063199050799
0.4487063199050799
0.46982201597816303
0.4409090820652177
0.4440447959180762
0.43933269383026263
0.4132997640812518
0.3820170425748684
0.3521825181113625
0.3783979009481377
0.4132997640812518
0.4409090820652177
0.48713837547718647
0.414973347970818
0.359835482339888
0.359835482339888
0.37106786227173627
0.46834733041215726
0.5763413502057929
0.5670263661590603
0.6242820958356683
0.6739419986340878
0.6730209071288962
0.6739419986340878
0.7275412570285564
0.7730546933642626
0.7649229846498885
0.7427251313046983
0.7649229846498885
0.7649229846498885
0.7101173651118162
0.6283889300503115
0.5910646070264992
0.7007037171450193
1.0856472882968566
1.13481437032046
1.1513698502474603
1.0659529803138696
0.9232440186302765
0.7817553746524689
0.6839471307515121
0.6998377258672457
0.6766936096248666
0.7347998295888469
0.785329835010767
0.9169800473203822
0.9995654882259823
1.0511525224473812
1.0468851908377101
1.0610753236297918
1.0603200286882852
1.0625819842281632
1.0622058088197126
1.0599418880619547
1.0599418880619547
1.0603200286882852
1.0610753236297918
1.061829307294699
1.0622058088197126
1.061829307294699
1.0614524790871933
1.0603200286882852
1.0603200286882852
1.0599418880619547
1.0603200286882852
1.061829307294699
1.061829307294699
1.0625819842281632
1.0625819842281632
1.0603200286882852
1.0610753236297918
1.0603200286882852
1.0603200286882852
1.0622058088197126
1.0622058088197126
1.0622058088197126
1.0606978403536116
1.0603200286882852
1.0572856444182146
1.0595634179012676
1.0530784434834197
1.0557604646877348
1.0557604646877348
0.9903388547876014
1.0136796972911926
1.0499928569201427
1.0441476208787228
1.0599418880619547
1.0595634179012676
1.0606978403536116
1.0610753236297918
1.0599418880619547
1.0599418880619547
1.0603200286882852
1.0606978403536116
1.061829307294699
1.0625819842281632
1.0603200286882852
0.9703468762300933
0.6483600109809317
0.4082399653118496
0.2787536009528289
0.2041199826559248
0.2041199826559248
0.1673173347481761
0.14921911265537988
0.3654879848908996
0.6232492903979004
0.6127838567197355
0.6117233080073418
0.5899496013257077
0.6730209071288962
0.7234556720351858
0.7024305364455253
0.5428254269591799
0.43136376415898736
0.6618126855372612
0.6618126855372612
0.7209857441537391
0.6785183790401139
0.5634810853944107
0.5224442335063199
0.4727564493172124
0.414973347970818
0.5250448070368452
0.4608978427565479
0.41161970596323016
0.4927603890268375
0.5550944485783191
0.5526682161121932
0.6138418218760693
0.6138418218760693
0.5717088318086876
0.5774917998372253
0.5705429398818975
0.5888317255942073
0.7259116322950482
0.7788744720027395
0.7686381012476144
0.7604224834232121
0.7701152947871016
0.8088858673598122
0.8254261177678232
0.8744818176994665
0.8830933585756899
0.8830933585756899
0.8082109729242221
0.714329759745233
0.6785183790401139
0.7259116322950482
0.7075701760979364
0.6946051989335688
0.6919651027673603
0.7649229846498885
0.8790958795000727
0.948412965778601
1.04296907339318
1.0187004986662433
0.8992731873176038
1.0546130545568877
1.0499928569201427
1.0538464268522527
1.0530784434834197
1.052693941924968
1.052693941924968
1.0546130545568877
1.0546130545568877
1.0534626049254554
1.0534626049254554
1.0519239160461065
1.0519239160461065
1.0530784434834197
1.0534626049254554
1.0542299098633972
1.0542299098633972
1.0538464268522527
1.0530784434834197
1.0519239160461065
1.0523090996473234
1.0519239160461065
1.0523090996473234
1.0542299098633972
1.0542299098633972
1.0546130545568877
1.0546130545568877
1.0519239160461065
1.052693941924968
1.0519239160461065
1.0519239160461065
1.0546130545568877
1.0534626049254554
1.0530784434834197
1.0519239160461065
0.8363241157067517
0.8155777483242672
0.7363965022766424
0.6532125137753437
0.7489628612561614
0.7489628612561614
0.8215135284047731
0.8095597146352678
0.7737864449811935
0.8122446968003693
0.9410142437055697
1.0334237554869496
0.9206450014067876
1.044539760392411
1.0511525224473812
1.0519239160461065
1.04493154614916
1.0503797562614579
0.9169800473203822
0.8698182079793282
0.4983105537896005
0.3996737214810381
0.2600713879850748
0.14301480025409505
0.146128035678238
0.19589965240923377
0.19589965240923377
0.534026106056135
0.6364878963533654
0.436162647040756
0.2013971243204515
0.20951501454263097
0.19589965240923377
0.22530928172586284
0.49968708261840383
0.617000341120899
0.48572142648158
0.35410843914740087
0.24551266781414982
0.3783979009481377
0.3783979009481377
0.5118833609788743
0.6394864892685861
0.37657695705651195
0.03342375548694973
0.04139268515822508
0.07188200730612536
0.10037054511756291
0.287801729930226
0.5550944485783191
0.46982201597816303
0.47856649559384334
0.39269695325966575
0.5599066250361125
0.5599066250361125
0.6414741105040995
0.6541765418779605
0.6560982020128319
0.6580113966571124
0.6384892569546373
0.6464037262230695
0.6541765418779605
0.6473829701146199
0.7363965022766424
0.7867514221455612
0.7759743311293691
0.7589118923979735
0.7641761323903307
0.7641761323903307
0.7505083948513462
0.7299742856995556
0.761927838420529
0.7347998295888469
0.9623693356700211
0.9863237770507653
1.0017337128090005
0.9079485216122722
0.7649229846498885
0.7403626894942439
0.8082109729242221
0.7839035792727349
0.696356388733332
1.0468851908377101
1.0461047872460387
1.0461047872460387
1.0453229787866574
1.04493154614916
1.04493154614916
1.0468851908377101
1.0468851908377101
1.04493154614916
1.04493154614916
1.0441476208787228
1.0441476208787228
1.0453229787866574
1.0457140589408676
1.0464951643347082
1.0461047872460387
1.0457140589408676
1.04493154614916
1.0441476208787228
1.044539760392411
1.044539760392411
1.044539760392411
1.0464951643347082
1.0464951643347082
1.0461047872460387
1.0461047872460387
1.044539760392411
1.044539760392411
1.0441476208787228
1.0441476208787228
1.0457140589408676
1.0441476208787228
0.9153998352122699
0.5390760987927766
0.33243845991560533
0.2944662261615929
0.4548448600085102
0.6384892569546373
0.6830470382388496
0.6830470382388496
0.8020892578817327
0.9523080096621253
1.3624824747511743
1.3577443251803756
1.2156375634350618
1.0342272607705507
0.9201233262907239
0.7084209001347127
0.6608654780038692
0.6324572921847242
0.5599066250361125
0.21748394421390627
0.24551266781414982
0.25527250510330607
0.15228834438305647
0.146128035678238
0.15228834438305647
0.08635983067474821
0.4440447959180762
0.5877109650189114
0.5877109650189114
0.3010299956639812
0.14301480025409505
0.12710479836480765
0.14921911265537988
0.146128035678238
0.17609125905568124
0.19865708695442263
0.21748394421390627
0.26245108973042947
0.2600713879850748
0.13987908640123647
0.15836249209524964
0.19589965240923377
0.19589965240923377
0.22788670461367352
0.2013971243204515
0.17318626841227402
0.12710479836480765
0.1673173347481761
0.2304489213782739
0.250420002308894
0.2944662261615929
0.20951501454263097
0.36361197989214433
0.5092025223311029
0.3521825181113625
0.5365584425715301
0.5365584425715301
0.6063813651106049
0.6608654780038692
0.6483600109809317
0.6848453616444125
0.7315887651867387
0.6655809910179531
0.5538830266438743
0.6655809910179531
0.909020854211156
0.9916690073799486
0.9100905455940682
0.8169038393756602
0.8739015978644614
0.8739015978644614
0.7693773260761385
0.6201360549737575
0.5854607295085007
0.6190933306267428
0.6848453616444125
0.6821450763738317
0.6794278966121189
0.6812412373755872
0.5301996982030822
0.42160392686983106
0.36172783601759284
0.37106786227173627
0.41830129131974547
1.0382226383687185
1.0382226383687185
1.0382226383687185
1.0374264979406236
1.0374264979406236
1.0374264979406236
1.039017321997412
1.039017321997412
1.0362295440862945
1.037027879755775
1.0366288953621612
1.0366288953621612
1.0382226383687185
1.0378247505883418
1.039017321997412
1.0382226383687185
1.0378247505883418
1.0374264979406236
1.037027879755775
1.037027879755775
1.037027879755775
1.037027879755775
1.0386201619497029
1.0386201619497029
1.0382226383687185
1.0382226383687185
1.0374264979406236
1.037027879755775
1.0366288953621612
1.0362295440862945
0.9355072658247128
0.6748611407378116
0.5237464668115644
0.10720996964786837
0.10037054511756291
0.08278537031645007
0.22530928172586284
0.2528530309798932
0.26245108973042947
0.26245108973042947
0.5301996982030822
0.5809249756756193
0.6444385894678385
0.6344772701607315
0.6551384348113821
0.6424645202421213
0.7795964912578245
0.850033257689769
0.7489628612561614
0.6464037262230695
0.534026106056135
0.4941545940184428
0.28330122870354957
0.3010299956639812
0.13987908640123647
0.18184358794477254
0.4548448600085102
0.534026106056135
0.3222192947339193
0.2741578492636798
0.2741578492636798
0.24797326636180664
0.16136800223497488
0.28103336724772754
0.6665179805548809
0.2041199826559248
0.37291200297010657
0.3463529744506387
1.361160995195026
0.5237464668115644
0.541579243946581
0.36172783601759284
0.4099331233312945
0.4899584794248346
0.4899584794248346
0.3424226808222063
0.2576785748691845
0.31806333496276157
0.40312052117581787
0.4132997640812518
0.49968708261840383
0.5751878449276611
0.5786392099680724
0.7347998295888469
0.6483600109809317
0.42160392686983106
0.5670263661590603
0.5587085705331657
0.5587085705331657
0.6294095991027189
0.8965262174895553
1.6006462356623945
1.4034637013453175
1.1182647260894794
1.189770956346874
1.438384107034714
1.1238516409670858
0.8260748027008264
0.7558748556724915
0.785329835010767
0.7520484478194386
0.7604224834232121
0.7604224834232121
0.6998377258672457
0.5751878449276611
0.5490032620257879
0.5514499979728752
0.4885507165004443
0.48144262850230496
0.4756711883244297
0.48144262850230496
0.436162647040756
0.4409090820652177
0.4653828514484183
0.4548448600085102
0.4471580313422192
1.0297894708318556
1.0301947853567512
1.030599721965951
1.0297894708318556
1.0297894708318556
1.0297894708318556
1.0314084642516241
1.0310042813635367
1.0285712526925377
1.028977705208778
1.028977705208778
1.028977705208778
1.0310042813635367
1.0297894708318556
1.0314084642516241
1.0293837776852097
1.0297894708318556
1.0297894708318556
1.0297894708318556
1.0297894708318556
1.0297894708318556
1.0293837776852097
1.030599721965951
1.030599721965951
1.0297894708318556
1.0297894708318556
1.0301947853567512
1.028977705208778
1.0285712526925377
0.9956351945975499
0.6711728427150833
0.3096301674258988
0.22271647114758325
0.2380461031287954
0.21218760440395779
0.18184358794477254
0.21484384804769785
0.36172783601759284
0.26717172840301384
0.26717172840301384
0.526339277389844
0.6464037262230695
0.7168377232995244
0.6232492903979004
0.6766936096248666
0.6324572921847242
0.5751878449276611
0.5065050324048721
0.3364597338485295
0.21748394421390627
0.1931245983544616
0.18752072083646307
0.22530928172586284
0.3783979009481377
0.5185139398778874
0.43933269383026263
0.24551266781414982
0.4927603890268375
0.24054924828259971
0.1903316981702915
0.1903316981702915
0.7118072290411911
1.640779477344857
1.3402457615679317
0.8407332346118067
1.221153321954705
0.9647309210536293
0.9982593384236987
0.9247959957979122
1.2049335223541449
1.0220157398177203
0.9273703630390235
0.8530895298518656
0.6998377258672457
0.6998377258672457
0.651278013998144
0.6117233080073418
0.6998377258672457
0.7767011839884109
0.7435097647284298
0.7558748556724915
0.7752462597402364
0.7267272090265723
0.5634810853944107
0.7535830588929066
0.7528164311882715
0.6821450763738317
0.6384892569546373
0.6384892569546373
0.7759743311293691
0.534026106056135
0.3443922736851107
0.37657695705651195
0.4913616938342727
0.4899584794248346
0.5010592622177514
0.4885507165004443
0.6711728427150833
0.7611758131557314
0.651278013998144
0.45178643552429026
0.3283796034387377
0.3283796034387377
0.42324587393680785
0.49968708261840383
0.48287358360875376
0.4727564493172124
0.3891660843645325
0.3820170425748684
0.3820170425748684
0.3944516808262163
0.3783979009481377
0.3344537511509309
0.31386722036915343
0.3159703454569177
0.3521825181113625
1.021189299069938
1.0224283711854865
1.0228406108765278
1.0224283711854865
1.0224283711854865
1.0224283711854865
1.0236639181977936
1.0232524596337116
1.021189299069938
1.0216027160282422
1.0220157398177203
1.0220157398177203
1.0236639181977936
1.0224283711854865
1.0236639181977936
1.0216027160282422
1.0216027160282422
1.0224283711854865
1.0228406108765278
1.0228406108765278
1.0224283711854865
1.0216027160282422
1.0224283711854865
1.0228406108765278
1.0220157398177203
1.0220157398177203
1.0228406108765278
1.0216027160282422
0.7291647896927701
0.5877109650189114
0.10380372095595687
0.1846914308175988
0.1643528557844371
0.11727129565576427
0.17318626841227402
0.14921911265537988
0.2944662261615929
0.287801729930226
0.2355284469075489
0.2355284469075489
0.5403294747908738
0.6503075231319364
0.7041505168397991
0.6201360549737575
0.8000293592441343
0.7474118078864233
0.6117233080073418
0.3364597338485295
0.5198279937757188
0.45939248775923086
0.4756711883244297
0.6683859166900001
0.48144262850230496
0.3692158574101428
0.1673173347481761
0.11394335230683679
0.08990511143939793
0.11727129565576427
0.15228834438305647
0.367355921026019
0.367355921026019
1.040206627574711
1.0817072700973491
0.5145477526602861
0.48144262850230496
0.4440447959180762
0.3996737214810381
0.3944516808262163
0.48713837547718647
0.615950051656401
0.7092699609758307
0.561101383649056
0.3961993470957364
0.2648178230095365
0.2648178230095365
0.43456890403419873
0.631443769013172
0.5899496013257077
0.5276299008713387
0.7315887651867387
0.7275412570285564
0.7109631189952758
0.7972675408307164
1.0791812460476249
0.814913181275074
0.5453071164658241
0.4638929889859073
0.4608978427565479
0.4608978427565479
0.5563025007672873
0.6454222693490919
0.7466341989375788
0.7185016888672743
0.5301996982030822
0.4742162640762552
0.437750562820388
0.4638929889859073
0.5550944485783191
0.5550944485783191
0.526339277389844
0.3891660843645325
0.29885307640970665
0.29885307640970665
0.38381536598043126
0.48144262850230496
0.5037906830571811
0.5105450102066121
0.615950051656401
0.6201360549737575
0.6263403673750424
0.5809249756756193
0.44560420327359757
0.3463529744506387
0.30319605742048883
0.3074960379132129
0.33243845991560533
1.0132586652835165
1.0141003215196205
1.0145205387579237
1.0145205387579237
1.0149403497929366
1.0149403497929366
1.015778756389041
1.015778756389041
1.0141003215196205
1.0141003215196205
1.0145205387579237
1.0145205387579237
1.0153597554092142
1.0149403497929366
1.0161973535124391
1.0136796972911926
1.0141003215196205
1.0149403497929366
1.015778756389041
1.015778756389041
1.0153597554092142
1.0145205387579237
1.0141003215196205
1.0145205387579237
1.0141003215196205
1.0141003215196205
0.9929950984313415
0.7656685547590141
0.18184358794477254
0.11394335230683679
0.17609125905568124
0.2966651902615311
0.31386722036915343
0.17026171539495738
0.3654879848908996
0.42975228000240795
0.4548448600085102
0.5327543789924978
0.5453071164658241
0.5453071164658241
0.6283889300503115
0.6190933306267428
0.5250448070368452
0.4548448600085102
0.3783979009481377
0.290034611362518
0.3242824552976926
0.22788670461367352
0.24797326636180664
0.15228834438305647
0.10037054511756291
0.15228834438305647
0.1367205671564068
0.18752072083646307
0.10037054511756291
0.11058971029924898
0.18752072083646307
0.18752072083646307
1.4886916983169407
1.3273589343863303
1.3273589343863303
0.5465426634781311
0.6074550232146685
1.6905504615103586
1.1205739312058498
0.7481880270062004
0.9273703630390235
1.2100508498751372
0.48713837547718647
0.33041377334919086
0.4014005407815441
0.3820170425748684
0.42813479402878885
0.6720978579357175
0.6720978579357175
0.38021124171160603
0.22271647114758325
0.290034611362518
0.45939248775923086
0.5211380837040362
0.6464037262230695
0.6748611407378116
0.6031443726201823
0.4638929889859073
0.5024271199844327
0.45024910831936105
0.5065050324048721
0.5276299008713387
0.5276299008713387
0.526339277389844
0.5477747053878226
0.5550944485783191
0.5587085705331657
0.6138418218760693
0.615950051656401
0.6263403673750424
0.6138418218760693
0.7403626894942439
0.8034571156484139
0.7134905430939426
0.60422605308447
0.6222140229662954
0.6222140229662954
0.5854607295085007
0.5390760987927766
0.5526682161121932
0.5888317255942073
0.7234556720351858
0.7275412570285564
0.7299742856995556
0.667452952889954
0.437750562820388
0.3222192947339193
0.287801729930226
0.2787536009528289
0.2528530309798932
1.0056094453602804
1.0068937079479006
1.0068937079479006
1.0073209529227445
1.0073209529227445
1.0073209529227445
1.0081741840064264
1.00774777800074
1.0068937079479006
1.0068937079479006
1.0073209529227445
1.0073209529227445
1.0073209529227445
1.0073209529227445
1.0081741840064264
1.0068937079479006
1.0068937079479006
1.0073209529227445
1.0086001717619175
1.0086001717619175
1.0081741840064264
1.0068937079479006
1.0064660422492318
0.9585638832219674
0.5717088318086876
0.5717088318086876
0.5010592622177514
0.23299611039215382
0.3010299956639812
0.3364597338485295
0.4927603890268375
0.33845649360460484
0.24551266781414982
0.3463529744506387
0.28555730900777376
0.26717172840301384
0.45331834004703764
0.40483371661993806
0.41161970596323016
0.41161970596323016
0.568201724066995
0.5502283530550941
0.5921767573958668
0.505149978319906
0.8135809885681919
1.0663259253620379
0.561101383649056
0.5888317255942073
0.21748394421390627
0.10720996964786837
0.11058971029924898
0.2041199826559248
0.33041377334919086
0.5490032620257879
0.31806333496276157
0.24303804868629444
0.46834733041215726
0.4132997640812518
0.3961993470957364
0.5998830720736879
0.5998830720736879
0.9726655922661109
0.5705429398818975
0.22530928172586284
0.12385164096708581
0.07554696139253074
0.12710479836480765
0.19589965240923377
0.2013971243204515
0.13033376849500614
0.17026171539495738
0.20682587603184974
0.28555730900777376
0.6857417386022636
0.6857417386022636
0.5065050324048721
0.41995574848975786
0.45331834004703764
0.5211380837040362
0.5465426634781311
0.5477747053878226
0.5327543789924978
0.608526033577194
0.7126497016272114
0.6637009253896482
0.5224442335063199
0.5428254269591799
0.617000341120899
0.617000341120899
0.6063813651106049
0.5965970956264602
0.5352941200427705
0.557507201905658
0.6253124509616739
0.6294095991027189
0.6273658565927327
0.6211762817750351
0.5622928644564748
0.5365584425715301
0.5693739096150459
0.6180480967120927
0.6201360549737575
0.6201360549737575
0.60959440922522
0.5809249756756193
0.5550944485783191
0.5490032620257879
0.5352941200427705
0.5314789170422551
0.5314789170422551
0.505149978319906
0.3820170425748684
0.33845649360460484
0.28555730900777376
0.3053513694466238
0.3242824552976926
0.9982593384236987
0.9991305412873711
0.9995654882259823
0.9995654882259823
1.0004340774793186
1.0004340774793186
1.0
1.0
1.0
1.0
1.0004340774793186
1.0004340774793186
0.9995654882259823
1.0
1.0
0.9995654882259823
1.0
1.0
1.0013009330204181
1.000867721531227
1.000867721531227
0.9995654882259823
0.6794278966121189
0.5809249756756193
0.06069784035361165
0.06069784035361165
0.10037054511756291
0.20682587603184974
0.6655809910179531
0.6857417386022636
0.3443922736851107
0.30319605742048883
0.2944662261615929
0.17609125905568124
0.8656960599160706
1.2174839442139063
0.7355988996981799
0.7126497016272114
0.7839035792727349
0.7839035792727349
0.7664128471123994
0.7427251313046983
0.8680563618230416
0.7395723444500919
0.814913181275074
0.8202014594856403
0.6730209071288962
0.5092025223311029
0.07554696139253074
0.4899584794248346
0.967547976218862
0.37291200297010657
0.6637009253896482
0.47856649559384334
0.4471580313422192
0.3010299956639812
0.25527250510330607
0.34044411484011833
0.05690485133647256
0.7168377232995244
0.7168377232995244
0.17026171539495738
0.11058971029924898
0.14301480025409505
0.2600713879850748
0.37291200297010657
0.2966651902615311
0.22271647114758325
0.2787536009528289
0.34044411484011833
0.3979400086720376
0.5563025007672873
0.5965970956264602
0.5065050324048721
0.5065050324048721
0.3783979009481377
0.31175386105575426
0.3424226808222063
0.43456890403419873
0.557507201905658
0.7259116322950482
0.8000293592441343
0.6910814921229684
0.6884198220027106
0.6464037262230695
0.5563025007672873
0.5538830266438743
0.4409090820652177
0.4409090820652177
0.49692964807321494
0.5477747053878226
0.6106601630898799
0.5910646070264992
0.5658478186735176
0.5550944485783191
0.5453071164658241
0.5693739096150459
0.6785183790401139
0.7024305364455253
0.6464037262230695
0.5538830266438743
0.6009728956867483
0.6009728956867483
0.4727564493172124
0.359835482339888
0.2764618041732441
0.2944662261615929
0.17026171539495738
0.1643528557844371
0.15836249209524964
0.1903316981702915
0.24303804868629444
0.2787536009528289
0.3053513694466238
0.30319605742048883
0.3074960379132129
0.9912260756924949
0.9921114877869497
0.9925535178321356
0.9925535178321356
0.9929950984313415
0.9929950984313415
0.9925535178321356
0.9925535178321356
0.9934362304976118
0.9929950984313415
0.9934362304976118
0.9934362304976118
0.9921114877869497
0.9929950984313415
0.9925535178321356
0.9929950984313415
0.9925535178321356
0.9921114877869497
0.9758911364017928
0.9609461957338314
0.829946695941636
0.6211762817750351
0.3010299956639812
0.24054924828259971
0.33243845991560533
0.33243845991560533
0.5010592622177514
0.6711728427150833
0.12385164096708581
0.11058971029924898
0.2600713879850748
0.23299611039215382
0.287801729930226
1.5219222448835004
0.8450980400142568
0.7937903846908186
0.7958800173440752
0.8450980400142568
0.9052560487484512
0.9052560487484512
1.015778756389041
1.0285712526925377
0.9881128402683519
0.8413594704548549
0.8785217955012065
0.8530895298518656
0.7656685547590141
0.6020599913279624
0.4082399653118496
0.37474834601010387
0.41830129131974547
0.7979596437371962
0.5378190950732742
0.287801729930226
0.26245108973042947
0.6424645202421213
1.7454651686707272
0.9036325160842377
0.012837224705172217
0.07918124604762482
0.07918124604762482
0.1903316981702915
0.37474834601010387
0.49692964807321494
0.5622928644564748
0.5877109650189114
0.526339277389844
0.48572142648158
0.414973347970818
0.46982201597816303
0.43456890403419873
0.37657695705651195
0.31386722036915343
0.6875289612146344
0.6875289612146344
0.6334684555795865
0.557507201905658
0.5314789170422551
0.5658478186735176
0.6009728956867483
0.6242820958356683
0.6020599913279624
0.6009728956867483
0.5301996982030822
0.5998830720736879
0.6627578316815741
0.6138418218760693
0.6009728956867483
0.6009728956867483
0.5563025007672873
0.4712917110589386
0.42813479402878885
0.4132997640812518
0.37657695705651195
0.35410843914740087
0.31175386105575426
0.3944516808262163
0.7589118923979735
0.8155777483242672
0.6857417386022636
0.367355921026019
0.17026171539495738
0.17026171539495738
0.2944662261615929
0.4899584794248346
0.5998830720736879
0.41830129131974547
0.10037054511756291
0.09342168516223506
0.08635983067474821
0.11727129565576427
0.146128035678238
0.146128035678238
0.12385164096708581
0.14301480025409505
0.24054924828259971
0.9840770339028309
0.9849771264154934
0.9854264740830017
0.9854264740830017
0.9858753573083937
0.9858753573083937
0.9849771264154934
0.9849771264154934
0.9863237770507653
0.9858753573083937
0.9863237770507653
0.9863237770507653
0.9845273133437926
0.9854264740830017
0.9845273133437926
0.9858753573083937
0.9429995933660404
0.9211660506377387
0.7419390777291989
0.6273658565927327
0.28330122870354957
0.045322978786657475
0.22271647114758325
0.33041377334919086
1.3269499941659988
1.3269499941659988
0.6424645202421213
0.4668676203541095
0.2648178230095365
0.24303804868629444
0.15836249209524964
0.42975228000240795
0.45939248775923086
0.69810054562339
0.8215135284047731
0.8739015978644614
0.7209857441537391
0.8475726591421122
1.0342272607705507
1.0342272607705507
1.2073650374690719
1.2245330626060857
1.1370374547895128
0.9991305412873711
1.0153597554092142
1.0
0.8331471119127851
0.7185016888672743
0.33845649360460484
0.13353890837021754
0.146128035678238
0.5502283530550941
0.5301996982030822
0.4727564493172124
1.295567099962479
0.6138418218760693
0.08635983067474821
0.11727129565576427
0.18752072083646307
0.3222192947339193
0.3222192947339193
0.359835482339888
0.22271647114758325
0.6919651027673603
0.6424645202421213
0.5185139398778874
0.4578818967339923
0.47712125471966244
0.40483371661993806
0.45024910831936105
0.5490032620257879
0.6232492903979004
0.49692964807321494
0.6919651027673603
0.6919651027673603
0.6232492903979004
0.5910646070264992
0.6020599913279624
0.6532125137753437
0.6757783416740851
0.6954816764901974
0.6998377258672457
0.6637009253896482
0.526339277389844
0.5865873046717549
0.670245853074124
0.5740312677277188
0.5037906830571811
0.5037906830571811
0.46982201597816303
0.3521825181113625
0.26717172840301384
0.2787536009528289
0.287801729930226
0.292256071356476
0.26245108973042947
0.2944662261615929
0.35602585719312274
0.34830486304816066
0.35410843914740087
0.35024801833416286
0.3364597338485295
0.3364597338485295
0.3463529744506387
0.3783979009481377
0.35024801833416286
0.35024801833416286
0.3283796034387377
0.3283796034387377
0.33041377334919086
0.3074960379132129
0.22530928172586284
0.19865708695442263
0.1553360374650618
0.18752072083646307
0.28555730900777376
0.9772662124272927
0.9777236052888477
0.9781805169374139
0.9781805169374139
0.9790929006383263
0.9790929006383263
0.9772662124272927
0.9777236052888477
0.9795483747040951
0.9790929006383263
0.9795483747040951
0.9795483747040951
0.9772662124272927
0.9781805169374139
0.9656719712201067
0.9498777040368748
0.6785183790401139
0.5477747053878226
0.27184160653649897
0.22010808804005508
0.17026171539495738
0.24054924828259971
0.41995574848975786
0.568201724066995
0.28330122870354957
0.28330122870354957
0.2787536009528289
0.3159703454569177
0.1931245983544616
0.2600713879850748
1.6972293427597176
0.47856649559384334
0.42813479402878885
0.6074550232146685
0.7101173651118162
0.8457180179666587
0.8609366207000937
1.2073650374690719
1.3001605369513523
1.3001605369513523
1.1458177144918276
1.0874264570362855
0.9175055095525466
0.8061799739838872
0.8573324964312685
0.8633228601204559
0.8830933585756899
0.900913067737669
1.2332500095411003
0.7339992865383869
0.3979400086720376
0.359835482339888
0.287801729930226
0.09691001300805642
0.10380372095595687
0.05307844348341968
0.029383777685209667
0.22010808804005508
0.3096301674258988
0.48144262850230496
0.48144262850230496
0.47856649559384334
0.39093510710337914
0.33243845991560533
0.3222192947339193
0.27184160653649897
0.2764618041732441
0.3096301674258988
0.3424226808222063
0.3463529744506387
0.3344537511509309
0.33041377334919086
0.28555730900777376
0.414973347970818
0.414973347970818
0.42975228000240795
0.4487063199050799
0.4440447959180762
0.3424226808222063
0.36172783601759284
0.36361197989214433
0.3463529744506387
0.3891660843645325
0.5987905067631151
0.42813479402878885
0.3159703454569177
0.3891660843645325
0.40483371661993806
0.40483371661993806
0.3424226808222063
0.26245108973042947
0.20682587603184974
0.21484384804769785
0.24551266781414982
0.250420002308894
0.250420002308894
0.250420002308894
0.2528530309798932
0.2528530309798932
0.2600713879850748
0.3074960379132129
0.32633586092875144
0.32633586092875144
0.3222192947339193
0.32633586092875144
0.31175386105575426
0.27184160653649897
0.2944662261615929
0.287801729930226
0.3344537511509309
0.3283796034387377
0.3283796034387377
0.3424226808222063
0.3692158574101428
0.367355921026019
0.3654879848908996
0.9703468762300933
0.9708116108725178
0.9712758487381052
0.9712758487381052
0.9722028383790645
0.9717395908877783
0.9698816437465
0.9703468762300933
0.9726655922661109
0.9717395908877783
0.9726655922661109
0.9726655922661109
0.9652017010259121
0.9708116108725178
0.5550944485783191
0.43933269383026263
0.28330122870354957
0.1673173347481761
0.3074960379132129
0.32014628611105395
0.568201724066995
0.7767011839884109
0.37291200297010657
0.367355921026019
0.3424226808222063
0.3424226808222063
0.45024910831936105
0.42813479402878885
1.5563025007672873
1.4156409798961542
0.359835482339888
0.39269695325966575
0.359835482339888
-0.036212172654444715
0.18752072083646307
0.31386722036915343
0.3891660843645325
0.4424797690644486
0.3654879848908996
0.3654879848908996
0.6541765418779605
0.7474118078864233
0.8413594704548549
0.7291647896927701
0.6803355134145632
0.6683859166900001
0.5550944485783191
0.4668676203541095
0.44560420327359757
0.24303804868629444
0.11727129565576427
0.12385164096708581
0.13033376849500614
0.11058971029924898
0.04139268515822508
0.08635983067474821
0.17318626841227402
0.2380461031287954
0.13987908640123647
0.2304489213782739
0.2304489213782739
0.28555730900777376
0.26951294421791633
0.3159703454569177
0.287801729930226
0.40483371661993806
0.3820170425748684
0.42651126136457523
0.3820170425748684
0.5831987739686227
0.5865873046717549
0.6344772701607315
0.5563025007672873
0.5693739096150459
0.5693739096150459
0.4727564493172124
0.414973347970818
0.37291200297010657
0.359835482339888
0.3979400086720376
0.5453071164658241
0.5728716022004802
0.4885507165004443
0.30319605742048883
0.3364597338485295
0.38021124171160603
0.37291200297010657
0.31806333496276157
0.31806333496276157
0.31175386105575426
0.2741578492636798
0.24551266781414982
0.22530928172586284
0.22010808804005508
0.19589965240923377
0.2648178230095365
0.2600713879850748
0.28330122870354957
0.29885307640970665
0.3364597338485295
0.35024801833416286
0.36172783601759284
0.36172783601759284
0.359835482339888
0.36361197989214433
0.3654879848908996
0.36172783601759284
0.3692158574101428
0.3692158574101428
0.3692158574101428
0.367355921026019
0.3654879848908996
0.9637878273455552
0.964259630196849
0.964259630196849
0.964259630196849
0.9652017010259121
0.9652017010259121
0.9628426812012424
0.9633155113861113
0.9474337218870508
0.9390197764486664
0.8887409606828927
0.8887409606828927
0.7752462597402364
0.5211380837040362
0.13353890837021754
0.19589965240923377
0.3692158574101428
0.4409090820652177
0.7611758131557314
0.6794278966121189
0.4099331233312945
0.33845649360460484
0.30319605742048883
0.3424226808222063
0.7881683711411677
0.7881683711411677
1.388633969351789
1.039017321997412
0.37291200297010657
0.35793484700045375
0.3053513694466238
-0.060480747381381476
-0.05060999335508721
0.31386722036915343
0.33845649360460484
0.3654879848908996
0.4487063199050799
0.5158738437116791
0.5774917998372253
0.5774917998372253
0.7528164311882715
0.7007037171450193
0.8432327780980095
0.8041394323353505
0.7611758131557314
0.756636108245848
0.5453071164658241
0.4668676203541095
0.16136800223497488
0.1367205671564068
0.17897694729316943
0.3096301674258988
0.31175386105575426
0.37474834601010387
0.20682587603184974
0.1673173347481761
0.13033376849500614
0.10380372095595687
0.22788670461367352
0.43136376415898736
0.43136376415898736
0.4065401804339551
0.3873898263387294
0.24303804868629444
0.3463529744506387
0.3521825181113625
0.38021124171160603
0.28555730900777376
0.20682587603184974
0.029383777685209667
0.12057393120584989
0.12385164096708581
0.17897694729316943
0.1903316981702915
0.1903316981702915
0.28103336724772754
0.3944516808262163
0.37291200297010657
0.3242824552976926
0.33243845991560533
0.3222192947339193
0.31386722036915343
0.33845649360460484
0.60959440922522
0.48429983934678583
0.367355921026019
0.35024801833416286
0.3242824552976926
0.3242824552976926
0.3344537511509309
0.33243845991560533
0.34830486304816066
0.33243845991560533
0.34830486304816066
0.35410843914740087
0.359835482339888
0.35793484700045375
0.359835482339888
0.36172783601759284
0.9571281976768131
0.9576072870600952
0.9175055095525466
0.9503648543761231
0.948412965778601
0.9479236198317263
0.9375178920173467
0.9425041061680807
0.7723217067229198
0.7671558660821804
0.41664050733828095
0.41664050733828095
0.00860017176191757
0.09691001300805642
0.3010299956639812
0.3944516808262163
0.6618126855372612
0.8825245379548805
0.437750562820388
0.42160392686983106
0.42651126136457523
0.4471580313422192
1.1643528557844371
1.070037866607755
0.8561244442423003
0.8561244442423003
0.3873898263387294
0.47856649559384334
0.38381536598043126
0.33243845991560533
0.05690485133647256
0.3443922736851107
0.3654879848908996
0.31175386105575426
0.19589965240923377
0.1846914308175988
0.39093510710337914
0.3996737214810381
0.45939248775923086
0.45939248775923086
0.5763413502057929
0.4578818967339923
0.4014005407815441
0.3222192947339193
0.19865708695442263
0.13033376849500614
0.11394335230683679
0.04921802267018165
0.2041199826559248
0.17318626841227402
0.18752072083646307
0.12710479836480765
0.06818586174616162
-0.004364805402450088
0.09691001300805642
0.19865708695442263
0.24303804868629444
0.3344537511509309
0.41161970596323016
0.3521825181113625
0.3521825181113625
0.26717172840301384
0.17026171539495738
0.05690485133647256
0.290034611362518
0.292256071356476
0.3222192947339193
0.5693739096150459
0.6493348587121419
1.1758016328482794
0.6009728956867483
0.12057393120584989
0.19589965240923377
0.06818586174616162
0.06818586174616162
0.12057393120584989
0.22271647114758325
0.46982201597816303
0.5877109650189114
0.3242824552976926
0.31386722036915343
0.367355921026019
0.35410843914740087
0.3463529744506387
0.35024801833416286
0.3521825181113625
0.35410843914740087
0.35410843914740087
0.35410843914740087
0.35410843914740087
0.35602585719312274
0.9503648543761231
0.9063350418050907
0.8312296938670634
0.9258275746247423
0.919078092376074
0.8864907251724818
0.3979400086720376
0.42651126136457523
0.28330122870354957
0.2944662261615929
0.3242824552976926
0.3242824552976926
0.22788670461367352
0.3096301674258988
1.2385478876813278
0.7339992865383869
0.2944662261615929
0.3521825181113625
0.3692158574101428
0.41830129131974547
0.8965262174895553
0.9571281976768131
1.2655253352190738
0.9273703630390235
0.35602585719312274
0.35602585719312274
0.5118833609788743
0.38560627359831223
-0.026872146400301365
-0.022276394711152253
0.3654879848908996
0.35793484700045375
0.36361197989214433
0.37474834601010387
0.3364597338485295
0.35793484700045375
0.505149978319906
0.3944516808262163
0.4329692908744057
0.4329692908744057
0.6063813651106049
0.5276299008713387
0.6263403673750424
0.6211762817750351
0.43933269383026263
0.35793484700045375
0.3364597338485295
0.290034611362518
0.1553360374650618
0.12710479836480765
0.14301480025409505
0.1643528557844371
0.23299611039215382
0.21748394421390627
0.2355284469075489
0.35024801833416286
0.5514499979728752
0.47856649559384334
0.3783979009481377
0.26951294421791633
0.26951294421791633
0.34044411484011833
0.7759743311293691
1.0207754881935578
0.8318697742805017
0.8836614351536176
0.9122220565324155
0.9180303367848801
0.9599948383284161
0.8937617620579434
0.7535830588929066
0.24303804868629444
0.2944662261615929
0.33243845991560533
0.33243845991560533
0.31806333496276157
0.32633586092875144
0.34830486304816066
0.34830486304816066
0.34830486304816066
0.34830486304816066
0.34830486304816066
0.3820170425748684
0.3996737214810381
0.6074550232146685
0.7831886910752576
0.8195439355418687
0.7283537820212285
0.10037054511756291
0.12385164096708581
0.5921767573958668
0.49968708261840383
0.9925535178321356
0.9925535178321356
1.2105860249051565
1.1007150865730817
0.28330122870354957
0.3010299956639812
0.424881636631067
0.48144262850230496
0.8645110810583919
0.814913181275074
0.5728716022004802
0.43136376415898736
0.31175386105575426
0.3961993470957364
0.608526033577194
0.608526033577194
0.2787536009528289
0.3010299956639812
0.28330122870354957
0.28330122870354957
0.3654879848908996
0.5301996982030822
0.5378190950732742
0.3961993470957364
0.568201724066995
0.6454222693490919
0.6404814369704218
0.6063813651106049
0.6222140229662954
0.6222140229662954
0.761927838420529
0.6655809910179531
0.6570558528571039
0.6503075231319364
0.5118833609788743
0.4548448600085102
0.43136376415898736
0.5145477526602861
0.31175386105575426
0.37657695705651195
0.3891660843645325
0.292256071356476
0.35410843914740087
0.21218760440395779
0.45178643552429026
0.414973347970818
0.24551266781414982
0.31806333496276157
0.3996737214810381
0.37106786227173627
0.37106786227173627
0.4440447959180762
0.6334684555795865
0.43933269383026263
0.43456890403419873
0.35410843914740087
0.34830486304816066
0.3443922736851107
0.3424226808222063
0.34044411484011833
0.34044411484011833
0.34044411484011833
0.3424226808222063
0.11058971029924898
0.24551266781414982
0.3820170425748684
0.3344537511509309
0.03342375548694973
0.08990511143939793
0.7450747915820575
0.7193312869837266
0.8573324964312685
0.761927838420529
0.2944662261615929
0.2944662261615929
0.23299611039215382
0.26951294421791633
0.3096301674258988
0.5378190950732742
0.785329835010767
0.9247959957979122
1.0666985504229953
0.829946695941636
0.3979400086720376
0.6776069527204931
1.1983821300082942
0.8102325179950841
0.28555730900777376
0.28555730900777376
0.2787536009528289
0.16136800223497488
0.21484384804769785
0.25527250510330607
0.7427251313046983
0.25527250510330607
0.250420002308894
0.6253124509616739
0.5250448070368452
0.4712917110589386
0.5563025007672873
0.5658478186735176
0.5943925503754267
0.5943925503754267
0.5514499979728752
0.26717172840301384
0.27184160653649897
0.14301480025409505
0.2304489213782739
0.2764618041732441
0.31386722036915343
0.18752072083646307
0.2648178230095365
0.37106786227173627
0.4014005407815441
0.3443922736851107
0.4487063199050799
0.3783979009481377
0.43933269383026263
0.33845649360460484
0.3074960379132129
0.3344537511509309
0.3364597338485295
0.33243845991560533
0.33243845991560533
0.3344537511509309
0.814913181275074
0.6989700043360189
0.5563025007672873
0.5105450102066121
0.8512583487190752
0.7895807121644255
0.6972293427597176
0.6503075231319364
0.2355284469075489
0.292256071356476
0.35602585719312274
0.35602585719312274
0.3424226808222063
0.3283796034387377
0.9712758487381052
0.8819549713396005
0.6031443726201823
0.33845649360460484
0.2304489213782739
0.3159703454569177
0.7075701760979364
0.2304489213782739
0.21748394421390627
0.2355284469075489
0.2380461031287954
0.2380461031287954
0.26717172840301384
0.43136376415898736
0.4424797690644486
0.41995574848975786
0.3692158574101428
0.9556877503135057
0.9938769149412112
0.705007959333336
0.48572142648158
0.5158738437116791
0.5132176000679389
0.6253124509616739
0.5877109650189114
0.5877109650189114
0.42324587393680785
0.2355284469075489
0.2764618041732441
0.2013971243204515
0.28555730900777376
0.290034611362518
0.3344537511509309
0.33845649360460484
0.32633586092875144
0.3283796034387377
0.32633586092875144
0.32633586092875144
0.32633586092875144
0.32633586092875144
0.3283796034387377
0.705007959333336
0.7193312869837266
0.7126497016272114
0.7817553746524689
0.6739419986340878
0.5976951859255123
0.32633586092875144
0.31806333496276157
0.19865708695442263
0.22530928172586284
0.8450980400142568
0.8450980400142568
0.9854264740830017
1.0273496077747566
0.8356905714924255
0.8463371121298052
0.42651126136457523
0.2648178230095365
0.3463529744506387
0.3692158574101428
0.4742162640762552
0.4653828514484183
0.250420002308894
0.28103336724772754
0.24551266781414982
0.24551266781414982
0.2966651902615311
0.3074960379132129
0.4065401804339551
0.3463529744506387
0.42160392686983106
0.48144262850230496
0.4099331233312945
0.43456890403419873
0.3364597338485295
0.3424226808222063
0.3283796034387377
0.3283796034387377
0.3222192947339193
0.3222192947339193
0.32014628611105395
0.31806333496276157
0.32014628611105395
0.32014628611105395
0.3222192947339193
0.6364878963533654
0.6424645202421213
0.5145477526602861
0.45178643552429026
0.35410843914740087
0.3283796034387377
0.2741578492636798
0.250420002308894
0.28330122870354957
0.28330122870354957
0.34830486304816066
0.34830486304816066
0.35024801833416286
0.33845649360460484
0.32014628611105395
0.3222192947339193
0.3159703454569177
0.31386722036915343
0.31386722036915343
0.31386722036915343
0.31386722036915343
0.31386722036915343
0.31386722036915343
0.31386722036915343
0.31386722036915343
0.31386722036915343
0.31386722036915343
0.31386722036915343
0.3159703454569177
0.3159703454569177
0.5599066250361125
0.5078558716958309
0.3979400086720376
0.35602585719312274
0.32633586092875144
0.30319605742048883
0.3074960379132129
0.3053513694466238
0.3096301674258988
0.3096301674258988
0.3096301674258988
0.3096301674258988
0.31175386105575426
0.30319605742048883
0.3053513694466238
0.3096301674258988
0.3053513694466238
0.3074960379132129
0.6789551851940131
0.6789551851940131
0.6789551851940131
0.6789551851940131
0.6789551851940131
0.6789551851940131
0.6789551851940131
0.6789551851940131
0.6789551851940131
0.6789551851940131
0.6789551851940131
0.6789551851940131
0.6789551851940131
0.6789551851940131
0.6789551851940131
0.6789551851940131
0.6789551851940131
0.6789551851940131
0.6789551851940131
0.6789551851940131
0.6789551851940131
0.6789551851940131
0.6789551851940131
0.6789551851940131
0.6789551851940131
0.6789551851940131
0.6789551851940131
0.6789551851940131
0.6789551851940131
0.6789551851940131
0.6789551851940131
0.6789551851940131
0.6789551851940131
0.6789551851940131
0.6789551851940131
0.6789551851940131
0.6789551851940131
0.6789551851940131
0.6789551851940131
0.6789551851940131
0.6789551851940131
0.6789551851940131
0.6789551851940131
0.6789551851940131
0.6789551851940131
0.6789551851940131
0.6789551851940131
0.6789551851940131
0.6789551851940131
0.6789551851940131
0.6789551851940131
0.6789551851940131
0.6789551851940131
0.6789551851940131
0.6789551851940131
0.6789551851940131
0.6789551851940131
0.6789551851940131
0.6789551851940131
0.6789551851940131
0.6789551851940131
0.6789551851940131
0.6789551851940131
0.6789551851940131
0.6789551851940131
0.6789551851940131
0.6789551851940131
0.6789551851940131
0.6789551851940131
0.6789551851940131
0.6789551851940131
0.6789551851940131
0.6789551851940131
0.6789551851940131
0.6789551851940131
0.6789551851940131
0.6789551851940131
0.6789551851940131
0.6789551851940131
0.6789551851940131
0.6789551851940131
0.6789551851940131
0.6789551851940131
0.6789551851940131
0.6789551851940131
0.6789551851940131
0.6789551851940131
0.6789551851940131
0.6789551851940131
0.6789551851940131
0.6789551851940131
0.6789551851940131
0.6789551851940131
0.6789551851940131
0.6789551851940131
0.6789551851940131
0.6789551851940131
0.6789551851940131
0.6789551851940131
0.6789551851940131
0.6789551851940131
0.6789551851940131
0.6789551851940131
0.6789551851940131
0.6789551851940131
0.6789551851940131
0.6789551851940131
0.6789551851940131
0.6789551851940131
0.6789551851940131
0.6789551851940131
0.6789551851940131
0.6789551851940131
0.6789551851940131
0.6789551851940131
0.6789551851940131
0.6789551851940131
0.6789551851940131
0.6789551851940131
0.6789551851940131
0.6789551851940131
0.6789551851940131
0.6789551851940131
0.6789551851940131
0.6789551851940131
0.6789551851940131
0.6789551851940131
0.6789551851940131
0.6789551851940131
0.6789551851940131
0.6789551851940131
0.6789551851940131
0.6789551851940131
0.6789551851940131
0.6789551851940131
0.6789551851940131
0.6789551851940131
0.6789551851940131
0.6789551851940131
0.6789551851940131
0.6789551851940131
0.6789551851940131
0.6789551851940131
0.6789551851940131
0.6789551851940131
0.6789551851940131
0.6789551851940131
0.6789551851940131
0.6789551851940131
0.6789551851940131
0.6789551851940131
0.6789551851940131
0.6789551851940131
0.6789551851940131
0.6789551851940131
0.6789551851940131
0.6789551851940131
0.6789551851940131
0.6789551851940131
0.6789551851940131
0.6789551851940131
0.6789551851940131
0.6789551851940131
0.6789551851940131
0.6789551851940131
0.6789551851940131
0.6789551851940131
0.6789551851940131
0.6789551851940131
0.6789551851940131
0.6789551851940131
0.6789551851940131
0.6789551851940131
0.6789551851940131
0.6789551851940131
0.6789551851940131
0.6789551851940131
0.6789551851940131
0.6789551851940131
0.6789551851940131
0.6789551851940131
0.6789551851940131
0.6789551851940131
0.6789551851940131
0.6789551851940131
0.6789551851940131
0.6789551851940131
0.6789551851940131
0.6789551851940131
0.6789551851940131
0.6789551851940131
0.6789551851940131
0.6789551851940131
0.6789551851940131
0.6789551851940131
0.6789551851940131
0.6789551851940131
0.6789551851940131
0.6789551851940131
0.6789551851940131
0.6789551851940131
0.6789551851940131
0.6789551851940131
0.6789551851940131
0.6789551851940131
0.6789551851940131
0.6789551851940131
0.6789551851940131
0.6789551851940131
0.6789551851940131
0.6789551851940131
0.6789551851940131
0.6789551851940131
0.6789551851940131
0.6789551851940131
0.6789551851940131
0.6789551851940131
0.6789551851940131
0.6789551851940131
0.6789551851940131
0.6789551851940131
0.6789551851940131
0.6789551851940131
0.6789551851940131
0.6789551851940131
0.6789551851940131
0.6789551851940131
0.6789551851940131
0.6789551851940131
0.6789551851940131
0.6789551851940131
0.6789551851940131
0.6789551851940131
0.6789551851940131
0.6789551851940131
0.6789551851940131
0.6789551851940131
0.6789551851940131
0.6789551851940131
0.6789551851940131
0.6789551851940131
0.6789551851940131
0.6789551851940131
0.6789551851940131
0.6789551851940131
0.6789551851940131
0.6789551851940131
0.6789551851940131
0.6789551851940131
0.6789551851940131
0.6789551851940131
0.6789551851940131
0.6789551851940131
0.6789551851940131
0.6789551851940131
0.6789551851940131
0.6789551851940131
0.6789551851940131
0.6789551851940131
0.6789551851940131
0.6789551851940131
0.6789551851940131
0.6789551851940131
0.6789551851940131
0.6789551851940131
0.6789551851940131
0.6789551851940131
0.6789551851940131
0.6789551851940131
0.6789551851940131
0.6789551851940131
0.6789551851940131
0.6789551851940131
0.6789551851940131
0.6789551851940131
0.6789551851940131
0.6789551851940131
0.6789551851940131
0.6789551851940131
0.6789551851940131
0.6789551851940131
0.6789551851940131
0.6789551851940131
0.6789551851940131
0.6789551851940131
0.6789551851940131
0.6789551851940131
0.6789551851940131
0.6789551851940131
0.6789551851940131
0.6789551851940131
0.6789551851940131
0.6789551851940131
0.6789551851940131
0.6789551851940131
0.6789551851940131
0.6789551851940131
0.6789551851940131
0.6789551851940131
0.6789551851940131
0.6789551851940131
0.6789551851940131
0.6789551851940131
0.6789551851940131
0.6789551851940131
0.6789551851940131
0.6789551851940131
0.6789551851940131
0.6789551851940131
0.6789551851940131
0.6789551851940131
0.6789551851940131
0.6789551851940131
0.6789551851940131
0.6789551851940131
0.6789551851940131
0.6789551851940131
0.6789551851940131
0.6789551851940131
0.6789551851940131
0.6789551851940131
0.6789551851940131
0.6789551851940131
0.6789551851940131
0.6789551851940131
0.6789551851940131
0.6789551851940131
0.6789551851940131
0.6789551851940131
0.6789551851940131
0.6789551851940131
0.6789551851940131
0.6789551851940131
0.6789551851940131
0.6789551851940131
0.6789551851940131
0.6789551851940131
0.6789551851940131
0.6789551851940131
0.6789551851940131
0.6789551851940131
0.6789551851940131
0.6789551851940131
0.6789551851940131
0.6789551851940131
0.6789551851940131
0.6789551851940131
0.6789551851940131
0.6789551851940131
0.6789551851940131
0.6789551851940131
0.6789551851940131
0.6789551851940131
0.6789551851940131
0.6789551851940131
0.6789551851940131
0.6789551851940131
0.6789551851940131
0.6789551851940131
0.6789551851940131
0.6789551851940131
0.6789551851940131
0.6789551851940131
0.6789551851940131
0.6789551851940131
0.6789551851940131
0.6789551851940131
0.6789551851940131
0.6789551851940131
0.6789551851940131
0.6789551851940131
0.6789551851940131
0.6789551851940131
0.6789551851940131
0.6789551851940131
0.6789551851940131
0.6789551851940131
0.6789551851940131
0.6789551851940131
0.6789551851940131
0.6789551851940131
0.6789551851940131
0.6789551851940131
0.6789551851940131
0.6789551851940131
0.6789551851940131
0.6789551851940131
0.6789551851940131
0.6789551851940131
0.6789551851940131
0.6789551851940131
0.6789551851940131
0.6789551851940131
0.6789551851940131
0.6789551851940131
0.6789551851940131
0.6789551851940131
0.6789551851940131
0.6789551851940131
0.6789551851940131
0.6789551851940131
0.6789551851940131
0.6789551851940131
0.6789551851940131
0.6789551851940131
0.6789551851940131
0.6789551851940131
0.6789551851940131
0.6789551851940131
0.6789551851940131
0.6789551851940131
0.6789551851940131
0.6789551851940131
0.6789551851940131
0.6789551851940131
0.6789551851940131
0.6789551851940131
0.6789551851940131
0.6789551851940131
0.6789551851940131
0.6789551851940131
0.6789551851940131
0.6789551851940131
0.6789551851940131
0.6789551851940131
0.6789551851940131
0.6789551851940131
0.6789551851940131
0.6789551851940131
0.6789551851940131
0.6789551851940131
0.6789551851940131
0.6789551851940131
0.6789551851940131
0.6789551851940131
0.6789551851940131
0.6789551851940131
0.6789551851940131
0.6789551851940131
0.6789551851940131
0.6789551851940131
0.6789551851940131
0.6789551851940131
0.6789551851940131
0.6789551851940131
0.6789551851940131
0.6789551851940131
0.6789551851940131
0.6789551851940131
0.6789551851940131
0.6789551851940131
0.6789551851940131
0.6789551851940131
0.6789551851940131
0.6789551851940131
0.6789551851940131
0.6789551851940131
0.6789551851940131
0.6789551851940131
0.6789551851940131
0.6789551851940131
0.6789551851940131
0.6789551851940131
0.6789551851940131
0.6789551851940131
0.6789551851940131
0.6789551851940131
0.6789551851940131
0.6789551851940131
0.6789551851940131
0.6789551851940131
0.6789551851940131
0.6789551851940131
0.6789551851940131
0.6789551851940131
0.6789551851940131
0.6789551851940131
0.6789551851940131
0.6789551851940131
0.6789551851940131
0.6789551851940131
0.6789551851940131
0.6789551851940131
0.6789551851940131
0.6789551851940131
0.6789551851940131
0.6789551851940131
0.6789551851940131
0.6789551851940131
0.6789551851940131
0.6789551851940131
0.6789551851940131
0.6789551851940131
0.6789551851940131
0.6789551851940131
0.6789551851940131
0.6789551851940131
0.6789551851940131
0.6789551851940131
0.6789551851940131
0.6789551851940131
0.6789551851940131
0.6789551851940131
0.6789551851940131
0.6789551851940131
0.6789551851940131
0.6789551851940131
0.6789551851940131
0.6789551851940131
0.6789551851940131
0.6789551851940131
0.6789551851940131
0.6789551851940131
0.6789551851940131
0.6789551851940131
0.6789551851940131
0.6789551851940131
0.6789551851940131
0.6789551851940131
0.6789551851940131
0.6789551851940131
0.6789551851940131
0.6789551851940131
0.6789551851940131
0.6789551851940131
0.6789551851940131
0.6789551851940131
0.6789551851940131
0.6789551851940131
0.6789551851940131
0.6789551851940131
0.6789551851940131
0.6789551851940131
0.6789551851940131
0.6789551851940131
0.6789551851940131
0.6789551851940131
0.6789551851940131
0.6789551851940131
0.6789551851940131
0.6789551851940131
0.6789551851940131
0.6789551851940131
0.6789551851940131
0.6789551851940131
0.6789551851940131
0.6789551851940131
0.6789551851940131
0.6789551851940131
0.6789551851940131
0.6789551851940131
0.6789551851940131
0.6789551851940131
0.6789551851940131
0.6789551851940131
0.6789551851940131
0.6789551851940131
0.6789551851940131
0.6789551851940131
0.6789551851940131
0.6789551851940131
0.6789551851940131
0.6789551851940131
0.6789551851940131
0.6789551851940131
0.6789551851940131
0.6789551851940131
0.6789551851940131
0.6789551851940131
0.6789551851940131
0.6789551851940131
0.6789551851940131
0.6789551851940131
0.6789551851940131
0.6789551851940131
0.6789551851940131
0.6789551851940131
0.6789551851940131
0.6789551851940131
0.6789551851940131
0.6789551851940131
0.6789551851940131
0.6789551851940131
0.6789551851940131
0.6789551851940131
0.6789551851940131
0.6789551851940131
0.6789551851940131
0.6789551851940131
0.6789551851940131
0.6789551851940131
0.6789551851940131
0.6789551851940131
0.6789551851940131
0.6789551851940131
0.6789551851940131
0.6789551851940131
0.6789551851940131
0.6789551851940131
0.6789551851940131
0.6789551851940131
0.6789551851940131
0.6789551851940131
0.6789551851940131
0.6789551851940131
0.6789551851940131
0.6789551851940131
0.6789551851940131
0.6789551851940131
0.6789551851940131
0.6789551851940131
0.6789551851940131
0.6789551851940131
0.6789551851940131
0.6789551851940131
0.6789551851940131
0.6789551851940131
0.6789551851940131
0.6789551851940131
0.6789551851940131
0.6789551851940131
0.6789551851940131
0.6789551851940131
0.6789551851940131
0.6789551851940131
0.6789551851940131
0.6789551851940131
0.6789551851940131
0.6789551851940131
0.6789551851940131
0.6789551851940131
0.6789551851940131
0.6789551851940131
0.6789551851940131
0.6789551851940131
0.6789551851940131
0.6789551851940131
0.6789551851940131
0.6789551851940131
0.6789551851940131
0.6789551851940131
0.6789551851940131
0.6789551851940131
0.6789551851940131
0.6789551851940131
0.6789551851940131
0.6789551851940131
0.6789551851940131
0.6789551851940131
0.6789551851940131
0.6789551851940131
0.6789551851940131
0.6789551851940131
0.6789551851940131
0.6789551851940131
0.6789551851940131
0.6789551851940131
0.6789551851940131
0.6789551851940131
0.6789551851940131
0.6789551851940131
0.6789551851940131
0.6789551851940131
0.6789551851940131
0.6789551851940131
0.6789551851940131
0.6789551851940131
0.6789551851940131
0.6789551851940131
0.6789551851940131
0.6789551851940131
0.6789551851940131
0.6789551851940131
0.6789551851940131
0.6789551851940131
0.6789551851940131
0.6789551851940131
0.6789551851940131
0.6789551851940131
0.6789551851940131
0.6789551851940131
0.6789551851940131
0.6789551851940131
0.6789551851940131
0.6789551851940131
0.6789551851940131
0.6789551851940131
0.6789551851940131
0.6789551851940131
0.6789551851940131
0.6789551851940131
0.6789551851940131
0.6789551851940131
0.6789551851940131
0.6789551851940131
0.6789551851940131
0.6789551851940131
0.6789551851940131
0.6789551851940131
0.6789551851940131
0.6789551851940131
0.6789551851940131
0.6789551851940131
0.6789551851940131
0.6789551851940131
0.6789551851940131
0.6789551851940131
0.6789551851940131
0.6789551851940131
0.6789551851940131
0.6789551851940131
0.6789551851940131
0.6789551851940131
0.6789551851940131
0.6789551851940131
0.6789551851940131
0.6789551851940131
0.6789551851940131
0.6789551851940131
0.6789551851940131
0.6789551851940131
0.6789551851940131
0.6789551851940131
0.6789551851940131
0.6789551851940131
0.6789551851940131
0.6789551851940131
0.6789551851940131
0.6789551851940131
0.6789551851940131
0.6789551851940131
0.6789551851940131
0.6789551851940131
0.6789551851940131
0.6789551851940131
0.6789551851940131
0.6789551851940131
0.6789551851940131
0.6789551851940131
0.6789551851940131
0.6789551851940131
0.6789551851940131
0.6789551851940131
0.6789551851940131
0.6789551851940131
0.6789551851940131
0.6789551851940131
0.6789551851940131
0.6789551851940131
0.6789551851940131
0.6789551851940131
0.6789551851940131
0.6789551851940131
0.6789551851940131
0.6789551851940131
0.6789551851940131
0.6789551851940131
0.6789551851940131
0.6789551851940131
0.6789551851940131
0.6789551851940131
0.6789551851940131
0.6789551851940131
0.6789551851940131
0.6789551851940131
0.6789551851940131
0.6789551851940131
0.6789551851940131
0.6789551851940131
0.6789551851940131
0.6789551851940131
0.6789551851940131
0.6789551851940131
0.6789551851940131
0.6789551851940131
0.6789551851940131
0.6789551851940131
0.6789551851940131
0.6789551851940131
0.6789551851940131
0.6789551851940131
0.6789551851940131
0.6789551851940131
0.6789551851940131
0.6789551851940131
0.6789551851940131
0.6789551851940131
0.6789551851940131
0.6789551851940131
0.6789551851940131
0.6789551851940131
0.6789551851940131
0.6789551851940131
0.6789551851940131
0.6789551851940131
0.6789551851940131
0.6789551851940131
0.6789551851940131
0.6789551851940131
0.6789551851940131
0.6789551851940131
0.6789551851940131
0.6789551851940131
0.6789551851940131
0.6789551851940131
0.6789551851940131
0.6789551851940131
0.6789551851940131
0.6789551851940131
0.6789551851940131
0.6789551851940131
0.6789551851940131
0.6789551851940131
0.6789551851940131
0.6789551851940131
0.6789551851940131
0.6789551851940131
0.6789551851940131
0.6789551851940131
0.6789551851940131
0.6789551851940131
0.6789551851940131
0.6789551851940131
0.6789551851940131
0.6789551851940131
0.6789551851940131
0.6789551851940131
0.6789551851940131
0.6789551851940131
0.6789551851940131
0.6789551851940131
0.6789551851940131
0.6789551851940131
0.6789551851940131
0.6789551851940131
0.6789551851940131
0.6789551851940131
0.6789551851940131
0.6789551851940131
0.6789551851940131
0.6789551851940131
0.6789551851940131
0.6789551851940131
0.6789551851940131
0.6789551851940131
0.6789551851940131
0.6789551851940131
0.6789551851940131
0.6789551851940131
0.6789551851940131
0.6789551851940131
